0.00222110748291016,256
0.00217294692993164,256
0.00201606750488281,256
0.00200200080871582,256
0.00202298164367676,256
0.00219202041625977,256
0.00230288505554199,256
0.0029900074005127,256
0.0029900074005127,256
0.0029749870300293,256
0.00128817558288574,1
0.00127601623535156,1
0.00120401382446289,1
0.00122618675231934,1
0.00126504898071289,1
0.00122690200805664,1
0.00119686126708984,1
0.00125503540039062,1
0.00125312805175781,1
0.00122308731079102,1
0.000696897506713867,64
0.000689983367919922,64
0.000715017318725586,64
0.000691890716552734,64
0.0007171630859375,64
0.00067591667175293,64
0.000670194625854492,64
0.00073695182800293,64
0.000746965408325195,64
0.000722885131835938,64
0.00122499465942383,1
0.00111508369445801,1
0.00107312202453613,1
0.00109195709228516,1
0.00108194351196289,1
0.00108695030212402,1
0.00107812881469727,1
0.00110316276550293,1
0.00109219551086426,1
0.0010831356048584,1
0.00166487693786621,1
0.00166702270507812,1
0.00160789489746094,1
0.00163507461547852,1
0.00164294242858887,1
0.0016329288482666,1
0.00163102149963379,1
0.00167703628540039,1
0.00155186653137207,1
0.00157690048217773,1
0.00693392753601074,1
0.00172996520996094,1
0.00162506103515625,1
0.00164985656738281,1
0.00261902809143066,1
0.00302386283874512,1
0.00302600860595703,1
0.00300192832946777,1
0.00299692153930664,1
0.00296187400817871,1
0.00569510459899902,64
0.00565409660339355,64
0.00569391250610352,64
0.00559306144714355,64
0.00310492515563965,64
0.0030829906463623,64
0.0031888484954834,64
0.00330877304077148,64
0.00318002700805664,64
0.00315308570861816,64
0.00237298011779785,432
0.00237393379211426,432
0.00238418579101562,432
0.00232601165771484,432
0.00236892700195312,432
0.00233602523803711,432
0.00234103202819824,432
0.00234508514404297,432
0.00240707397460938,432
0.0025019645690918,432
0.00268912315368652,6912
0.00264096260070801,6912
0.00265312194824219,6912
0.00258708000183105,6912
0.00261092185974121,6912
0.00259900093078613,6912
0.00263690948486328,6912
0.00260090827941895,6912
0.0026099681854248,6912
0.00269198417663574,6912
0.00110602378845215,1
0.00110006332397461,1
0.0010828971862793,1
0.00112700462341309,1
0.00106191635131836,1
0.00104403495788574,1
0.00104284286499023,1
0.0010528564453125,1
0.00105714797973633,1
0.00111699104309082,1
0.000771999359130859,1
0.000802040100097656,1
0.000785112380981445,1
0.000762939453125,1
0.000785112380981445,1
0.000813007354736328,1
0.000802993774414062,1
0.000798940658569336,1
0.000761985778808594,1
0.000747203826904297,1
0.00392007827758789,68719476736
0.00387787818908691,68719476736
0.00389599800109863,68719476736
0.00405287742614746,68719476736
0.00391912460327148,68719476736
0.00387811660766602,68719476736
0.00383186340332031,68719476736
0.0038299560546875,68719476736
0.00388598442077637,68719476736
0.00384306907653809,68719476736
0.00342178344726562,16777216
0.00364184379577637,16777216
0.00354599952697754,16777216
0.00354790687561035,16777216
0.0035250186920166,16777216
0.00351214408874512,16777216
0.00341916084289551,16777216
0.00349903106689453,16777216
0.00344300270080566,16777216
0.00358009338378906,16777216
0.00124716758728027,27
0.00113987922668457,27
0.00105690956115723,27
0.00104713439941406,27
0.00106000900268555,27
0.00105810165405273,27
0.00105786323547363,27
0.00101709365844727,27
0.00109720230102539,27
0.00108790397644043,27
0.00123476982116699,4
0.0012049674987793,4
0.00121402740478516,4
0.00122213363647461,4
0.00124812126159668,4
0.00119996070861816,4
0.00120997428894043,4
0.00122690200805664,4
0.00123715400695801,4
0.00120902061462402,4
0.00129604339599609,1
0.00124597549438477,1
0.00125908851623535,1
0.00127983093261719,1
0.00139808654785156,1
0.00143098831176758,1
0.00138211250305176,1
0.00134992599487305,1
0.00125622749328613,1
0.00130295753479004,1
0.00426697731018066,72057594037927936
0.0041348934173584,72057594037927936
0.00416803359985352,72057594037927936
0.00411510467529297,72057594037927936
0.00423979759216309,72057594037927936
0.00432896614074707,72057594037927936
0.00429987907409668,72057594037927936
0.00427508354187012,72057594037927936
0.00425887107849121,72057594037927936
0.00414395332336426,72057594037927936
0.00331783294677734,1073741824
0.00336313247680664,1073741824
0.00337910652160645,1073741824
0.00345587730407715,1073741824
0.00345683097839355,1073741824
0.00345301628112793,1073741824
0.00347495079040527,1073741824
0.00332379341125488,1073741824
0.0033729076385498,1073741824
0.00336694717407227,1073741824
0.00409507751464844,1125899906842624
0.00402688980102539,1125899906842624
0.00411081314086914,1125899906842624
0.00422096252441406,1125899906842624
0.00420403480529785,1125899906842624
0.00412392616271973,1125899906842624
0.00407695770263672,1125899906842624
0.00400400161743164,1125899906842624
0.00403308868408203,1125899906842624
0.00413012504577637,1125899906842624
0.00459599494934082,73786976294838206464
0.00420594215393066,73786976294838206464
0.00430893898010254,73786976294838206464
0.00501394271850586,73786976294838206464
0.00483202934265137,73786976294838206464
0.00426793098449707,73786976294838206464
0.00445294380187988,73786976294838206464
0.00437617301940918,73786976294838206464
0.00430512428283691,73786976294838206464
0.00425100326538086,73786976294838206464
0.00451111793518066,295147905179352825856
0.00449419021606445,295147905179352825856
0.00436282157897949,295147905179352825856
0.00452399253845215,295147905179352825856
0.00442314147949219,295147905179352825856
0.00439691543579102,295147905179352825856
0.0044548511505127,295147905179352825856
0.00443506240844727,295147905179352825856
0.00440406799316406,295147905179352825856
0.0043480396270752,295147905179352825856
0.00117802619934082,1
0.00114011764526367,1
0.00113821029663086,1
0.001129150390625,1
0.00105094909667969,1
0.00101113319396973,1
0.00103497505187988,1
0.00109004974365234,1
0.00109004974365234,1
0.00108599662780762,1
0.00116896629333496,1
0.00126409530639648,1
0.00125408172607422,1
0.00129818916320801,1
0.00127196311950684,1
0.00127601623535156,1
0.00129389762878418,1
0.00126194953918457,1
0.0012660026550293,1
0.00134897232055664,1
0.00239300727844238,16
0.00238299369812012,16
0.0024409294128418,16
0.00241398811340332,16
0.00236988067626953,16
0.0020759105682373,16
0.00207209587097168,16
0.00207996368408203,16
0.00232505798339844,16
0.00268387794494629,16
0.00147104263305664,1
0.00144696235656738,1
0.00146484375,1
0.00149393081665039,1
0.00146698951721191,1
0.00145697593688965,1
0.00146794319152832,1
0.0014960765838623,1
0.00146603584289551,1
0.00148892402648926,1
0.0018010139465332,1
0.00172781944274902,1
0.00129604339599609,1
0.00128293037414551,1
0.00135397911071777,1
0.00132894515991211,1
0.00130796432495117,1
0.00150680541992188,1
0.00191402435302734,1
0.00191807746887207,1
0.00205397605895996,1
0.00204896926879883,1
0.00205898284912109,1
0.00206208229064941,1
0.00204086303710938,1
0.00203418731689453,1
0.0020439624786377,1
0.00212693214416504,1
0.00206208229064941,1
0.00211215019226074,1
0.00492119789123535,68719476736
0.00350117683410645,68719476736
0.00351595878601074,68719476736
0.0034489631652832,68719476736
0.00352716445922852,68719476736
0.00343513488769531,68719476736
0.00356698036193848,68719476736
0.00362086296081543,68719476736
0.00361204147338867,68719476736
0.00360107421875,68719476736
0.00138688087463379,1
0.00139403343200684,1
0.00141596794128418,1
0.00136494636535645,1
0.00137805938720703,1
0.00138497352600098,1
0.00145292282104492,1
0.00138306617736816,1
0.00136590003967285,1
0.00134515762329102,1
0.00154519081115723,4
0.0016481876373291,4
0.00173187255859375,4
0.00169205665588379,4
0.00170803070068359,4
0.00163388252258301,4
0.00154399871826172,4
0.0015711784362793,4
0.00159597396850586,4
0.00159406661987305,4
0.00127005577087402,16
0.00131797790527344,16
0.00126290321350098,16
0.0012509822845459,16
0.0012669563293457,16
0.00129914283752441,16
0.00124716758728027,16
0.00126814842224121,16
0.00127792358398438,16
0.0012509822845459,16
0.00142288208007812,1
0.0013730525970459,1
0.00155305862426758,1
0.00144314765930176,1
0.00147104263305664,1
0.00150799751281738,1
0.00136208534240723,1
0.00141406059265137,1
0.00135517120361328,1
0.00140500068664551,1
0.00128602981567383,1
0.00124001502990723,1
0.00127410888671875,1
0.00129008293151855,1
0.00125908851623535,1
0.00125718116760254,1
0.00127100944519043,1
0.00125789642333984,1
0.00124096870422363,1
0.00127387046813965,1
0.00157594680786133,27
0.00154304504394531,27
0.00150489807128906,27
0.0016169548034668,27
0.00176310539245605,27
0.00167703628540039,27
0.00162410736083984,27
0.00154018402099609,27
0.00155115127563477,27
0.00157713890075684,27
0.00152993202209473,4
0.00147891044616699,4
0.00148987770080566,4
0.00147795677185059,4
0.00149202346801758,4
0.0014801025390625,4
0.00149083137512207,4
0.00147294998168945,4
0.0014951229095459,4
0.00146913528442383,4
0.000957965850830078,16
0.000955104827880859,16
0.000935077667236328,16
0.000982046127319336,16
0.000945091247558594,16
0.00398707389831543,16
0.00105786323547363,16
0.00098109245300293,16
0.000996112823486328,16
0.000931978225708008,16
0.00247716903686523,1
0.00241184234619141,1
0.00237298011779785,1
0.00231409072875977,1
0.00235986709594727,1
0.00234317779541016,1
0.00231385231018066,1
0.0023350715637207,1
0.00235795974731445,1
0.00234603881835938,1
0.00173783302307129,1
0.00171494483947754,1
0.00158596038818359,1
0.00164794921875,1
0.00166201591491699,1
0.0015718936920166,1
0.00157380104064941,1
0.00163602828979492,1
0.0015711784362793,1
0.00161290168762207,1
0.00245094299316406,17179869184
0.00246191024780273,17179869184
0.00243711471557617,17179869184
0.00247097015380859,17179869184
0.00246405601501465,17179869184
0.00252485275268555,17179869184
0.00259613990783691,17179869184
0.00250792503356934,17179869184
0.00251388549804688,17179869184
0.00251197814941406,17179869184
0.00274491310119629,68719476736
0.00273895263671875,68719476736
0.0027008056640625,68719476736
0.00272011756896973,68719476736
0.00267505645751953,68719476736
0.00269198417663574,68719476736
0.00269699096679688,68719476736
0.00283598899841309,68719476736
0.0028228759765625,68719476736
0.00274801254272461,68719476736
0.0012362003326416,4
0.0012211799621582,4
0.00121688842773438,4
0.00131487846374512,4
0.00125694274902344,4
0.00120997428894043,4
0.00123095512390137,4
0.0012199878692627,4
0.00122404098510742,4
0.00120115280151367,4
0.00160908699035645,16
0.00151205062866211,16
0.00167608261108398,16
0.00156784057617188,16
0.00153303146362305,16
0.00153589248657227,16
0.00159788131713867,16
0.00170111656188965,16
0.00166487693786621,16
0.00155401229858398,16
0.00112199783325195,4
0.0010230541229248,4
0.00108814239501953,4
0.00103998184204102,4
0.0010988712310791,4
0.00104498863220215,4
0.00101900100708008,4
0.00101590156555176,4
0.0010228157043457,4
0.00101900100708008,4
0.00139713287353516,16
0.00142002105712891,16
0.00141501426696777,16
0.0014040470123291,16
0.00140810012817383,16
0.00141000747680664,16
0.00140714645385742,16
0.00139284133911133,16
0.00139784812927246,16
0.00142598152160645,16
0.000741004943847656,4
0.000787973403930664,4
0.000741004943847656,4
0.000756025314331055,4
0.000734090805053711,4
0.000739097595214844,4
0.000727176666259766,4
0.000721931457519531,4
0.000678062438964844,4
0.000667095184326172,4
0.00110507011413574,64
0.00104808807373047,64
0.00106596946716309,64
0.00105094909667969,64
0.0010838508605957,64
0.00104308128356934,64
0.00106596946716309,64
0.00104713439941406,64
0.00120186805725098,64
0.00116610527038574,64
0.00142598152160645,1
0.00143194198608398,1
0.00138115882873535,1
0.0014491081237793,1
0.00146198272705078,1
0.00142812728881836,1
0.00138187408447266,1
0.00144290924072266,1
0.00150513648986816,1
0.00152301788330078,1
0.00282096862792969,64
0.00269508361816406,64
0.00266194343566895,64
0.0026710033416748,64
0.00265002250671387,64
0.00264596939086914,64
0.00264501571655273,64
0.00266408920288086,64
0.0026400089263916,64
0.00261712074279785,64
0.00162315368652344,1
0.00166797637939453,1
0.00162005424499512,1
0.0016779899597168,1
0.00150799751281738,1
0.00152206420898438,1
0.00152802467346191,1
0.00155305862426758,1
0.00154399871826172,1
0.00152802467346191,1
0.00185084342956543,1
0.00184893608093262,1
0.00186586380004883,1
0.00185012817382812,1
0.00184202194213867,1
0.0018460750579834,1
0.00183606147766113,1
0.00188493728637695,1
0.00192499160766602,1
0.0020139217376709,1
0.0011899471282959,1
0.0011749267578125,1
0.00110793113708496,1
0.00110006332397461,1
0.00103592872619629,1
0.00107884407043457,1
0.00104999542236328,1
0.00108790397644043,1
0.00108003616333008,1
0.0010991096496582,1
0.00127911567687988,1
0.00135588645935059,1
0.00123500823974609,1
0.00137996673583984,1
0.00127196311950684,1
0.00129604339599609,1
0.00136995315551758,1
0.00125718116760254,1
0.0012969970703125,1
0.00126409530639648,1
0.00127100944519043,1
0.00129795074462891,1
0.00141787528991699,1
0.0014491081237793,1
0.00142502784729004,1
0.00136995315551758,1
0.00126504898071289,1
0.00126504898071289,1
0.00131893157958984,1
0.00126314163208008,1
0.000901937484741211,1
0.000870943069458008,1
0.000871181488037109,1
0.000864028930664062,1
0.000873088836669922,1
0.000931978225708008,1
0.000858068466186523,1
0.000829935073852539,1
0.000863075256347656,1
0.00088191032409668,1
0.00164103507995605,4
0.00162410736083984,4
0.00177001953125,1
0.00172519683837891,1
0.00170993804931641,1
0.00179195404052734,4
0.0018620491027832,4
0.00186610221862793,4
0.00171685218811035,4
0.00162601470947266,1
0.00175309181213379,16
0.00183391571044922,16
0.00174212455749512,16
0.00177693367004395,16
0.0017240047454834,16
0.00173306465148926,16
0.00172090530395508,16
0.00174593925476074,16
0.00171589851379395,16
0.00172805786132812,16
0.00191903114318848,16
0.00196599960327148,16
0.00200200080871582,16
0.00210905075073242,16
0.00202488899230957,16
0.00200319290161133,16
0.00199317932128906,16
0.00199794769287109,16
0.00191187858581543,16
0.0025029182434082,16
0.00222492218017578,432
0.00222420692443848,432
0.00231099128723145,432
0.0022580623626709,432
0.00221705436706543,432
0.00221705436706543,432
0.00229096412658691,432
0.00224113464355469,432
0.00158810615539551,432
0.0015110969543457,432
0.00103592872619629,1
0.00100898742675781,1
0.00102400779724121,1
0.000998020172119141,1
0.00101208686828613,1
0.00104308128356934,1
0.00115084648132324,1
0.00104784965515137,1
0.00103402137756348,1
0.00102996826171875,1
0.000963211059570312,1
0.000927925109863281,1
0.000957012176513672,1
0.000959873199462891,1
0.000961780548095703,1
0.000929832458496094,1
0.00102496147155762,1
0.000997066497802734,1
0.00100493431091309,1
0.000993967056274414,1
0.00121903419494629,1
0.0012209415435791,1
0.00122809410095215,1
0.00123095512390137,1
0.00135207176208496,1
0.00124597549438477,1
0.00119900703430176,1
0.00123310089111328,1
0.00115013122558594,1
0.00116682052612305,1
0.00153303146362305,64
0.00147294998168945,64
0.00162100791931152,64
0.00201296806335449,64
0.00211620330810547,64
0.0021049976348877,64
0.00207686424255371,64
0.00203800201416016,64
0.00203800201416016,64
0.00200080871582031,64
0.00207996368408203,1
0.00220298767089844,1
0.00163888931274414,1
0.00157713890075684,1
0.00155997276306152,1
0.00150012969970703,1
0.00154805183410645,1
0.00150585174560547,1
0.00154399871826172,1
0.00148701667785645,1
0.00103116035461426,1
0.000957965850830078,1
0.000952959060668945,1
0.000997066497802734,1
0.000950813293457031,1
0.00100398063659668,1
0.000957965850830078,1
0.00101113319396973,1
0.000974893569946289,1
0.00100517272949219,1
0.00160622596740723,1
0.00159001350402832,1
0.00160980224609375,1
0.00166201591491699,1
0.00170516967773438,1
0.00174903869628906,1
0.00166583061218262,1
0.00164318084716797,1
0.00158309936523438,1
0.00161504745483398,1
0.0016329288482666,1
0.00187587738037109,1
0.00187301635742188,1
0.00183701515197754,1
0.00184392929077148,1
0.00184798240661621,1
0.00186705589294434,1
0.00182294845581055,1
0.00182580947875977,1
0.00189900398254395,1
0.00168585777282715,16
0.00162410736083984,16
0.00155901908874512,16
0.00150489807128906,16
0.0014190673828125,16
0.0014500617980957,16
0.0013740062713623,16
0.00146985054016113,16
0.00141096115112305,16
0.00142598152160645,16
0.00140213966369629,1
0.00140810012817383,1
0.00145292282104492,1
0.00139498710632324,1
0.00142717361450195,1
0.00138401985168457,1
0.00141692161560059,1
0.00138592720031738,1
0.00139904022216797,1
0.00141191482543945,1
0.00206208229064941,16
0.00222897529602051,16
0.00221395492553711,16
0.00216102600097656,16
0.00208377838134766,16
0.00211310386657715,16
0.00208115577697754,16
0.0020751953125,16
0.00208115577697754,16
0.0021049976348877,16
0.000967025756835938,1
0.000993967056274414,1
0.000952959060668945,1
0.000978946685791016,1
0.000992059707641602,1
0.000995159149169922,1
0.000970840454101562,1
0.000975131988525391,1
0.000988006591796875,1
0.000983953475952148,1
0.000926971435546875,1
0.00109696388244629,1
0.00101494789123535,1
0.000990867614746094,1
0.000983953475952148,1
0.00099492073059082,1
0.000946044921875,1
0.000927925109863281,1
0.000945091247558594,1
0.000957965850830078,1
0.0010528564453125,1
0.00099492073059082,1
0.00103402137756348,1
0.000999927520751953,1
0.00111579895019531,1
0.00107192993164062,1
0.00108695030212402,1
0.00100088119506836,1
0.00104999542236328,1
0.00101280212402344,1
0.00102806091308594,1
0.00098419189453125,1
0.0010218620300293,1
0.000988006591796875,1
0.00101780891418457,1
0.000978946685791016,1
0.00102686882019043,1
0.000982999801635742,1
0.00100898742675781,1
0.000976085662841797,1
0.000995874404907227,1
0.00105500221252441,1
0.00106310844421387,1
0.00102090835571289,1
0.00101709365844727,1
0.0010230541229248,1
0.000970125198364258,1
0.000950098037719727,1
0.000987052917480469,1
0.000965118408203125,1
0.000828981399536133,1
0.000857830047607422,1
0.00084996223449707,1
0.000829935073852539,1
0.000849008560180664,1
0.000843048095703125,1
0.000817060470581055,1
0.000824928283691406,1
0.000835180282592773,1
0.000822067260742188,1
0.000838041305541992,1
0.000829935073852539,1
0.000905990600585938,1
0.000952959060668945,1
0.000918865203857422,1
0.000908851623535156,1
0.000912904739379883,1
0.000953912734985352,1
0.000936031341552734,1
0.000941038131713867,1
0.00114703178405762,1
0.0011441707611084,1
0.00124192237854004,1
0.00132083892822266,1
0.00130105018615723,1
0.00128793716430664,1
0.00134491920471191,1
0.0012819766998291,1
0.00126814842224121,1
0.00130295753479004,1
0.00224995613098145,1
0.00229501724243164,1
0.00230693817138672,1
0.00226593017578125,1
0.00228095054626465,1
0.00226998329162598,1
0.00224781036376953,1
0.00224494934082031,1
0.0022740364074707,1
0.00247287750244141,1
0.00100493431091309,4
0.00091099739074707,4
0.000854015350341797,4
0.000880002975463867,4
0.000825881958007812,4
0.000885963439941406,4
0.000869035720825195,4
0.000884056091308594,4
0.000835895538330078,4
0.000813961029052734,4
0.00109291076660156,1
0.00106501579284668,1
0.00105905532836914,1
0.00107598304748535,1
0.00117087364196777,1
0.00113105773925781,1
0.00110292434692383,1
0.00106692314147949,1
0.00105690956115723,1
0.00105905532836914,1
0.00114107131958008,1
0.00114202499389648,1
0.00120091438293457,1
0.00117111206054688,1
0.00113987922668457,1
0.00112509727478027,1
0.00193595886230469,1
0.00127291679382324,1
0.00124621391296387,1
0.0011751651763916,1
0.00115704536437988,1
0.0011439323425293,1
0.00113916397094727,1
0.00122308731079102,1
0.0011899471282959,1
0.00116896629333496,1
0.00112509727478027,1
0.00114607810974121,1
0.00115013122558594,1
0.00115489959716797,1
0.000924110412597656,16
0.000809907913208008,16
0.000882863998413086,16
0.000864982604980469,16
0.000863075256347656,16
0.000871896743774414,16
0.000849008560180664,16
0.000863075256347656,16
0.000845193862915039,16
0.000836849212646484,16
0.000841140747070312,16
0.00084686279296875,16
0.000861167907714844,16
0.000876903533935547,16
0.000902891159057617,16
0.000906944274902344,16
0.00088810920715332,16
0.00098109245300293,16
0.000912904739379883,16
0.000893115997314453,16
0.000900983810424805,16
0.000936985015869141,16
0.000893115997314453,16
0.000905990600585938,16
0.000960111618041992,16
0.000854015350341797,16
0.000854969024658203,16
0.000852823257446289,16
0.000910043716430664,16
0.000837087631225586,16
0.000787019729614258,256
0.000747919082641602,256
0.000763893127441406,256
0.000771999359130859,256
0.000715017318725586,256
0.000760078430175781,256
0.000733852386474609,256
0.000755071640014648,256
0.000772953033447266,256
0.000725030899047852,256
0.00107812881469727,1
0.00102996826171875,1
0.00109100341796875,1
0.00106596946716309,1
0.0011141300201416,1
0.00102901458740234,1
0.00111699104309082,1
0.00115489959716797,1
0.00114297866821289,1
0.00114703178405762,1
0.0011441707611084,1
0.0011138916015625,1
0.00114893913269043,1
0.00115799903869629,1
0.00110578536987305,1
0.00111699104309082,1
0.00102686882019043,1
0.00100994110107422,1
0.00102090835571289,1
0.000997066497802734,1
0.000791072845458984,1
0.000789880752563477,1
0.000819921493530273,1
0.000770092010498047,1
0.000784158706665039,1
0.000747919082641602,1
0.000805139541625977,1
0.000816106796264648,1
0.000769853591918945,1
0.000807046890258789,1
0.000830888748168945,1
0.000814914703369141,1
0.000874996185302734,1
0.000849008560180664,1
0.000872135162353516,1
0.000841140747070312,1
0.000850915908813477,1
0.000853061676025391,1
0.000828027725219727,1
0.000860929489135742,1
0.00146198272705078,4
0.00157785415649414,4
0.00155091285705566,4
0.00153994560241699,4
0.00159716606140137,4
0.0015418529510498,4
0.00147294998168945,4
0.00139498710632324,4
0.00151801109313965,4
0.00137805938720703,4
0.00175595283508301,4
0.00176000595092773,4
0.00173211097717285,4
0.0016791820526123,4
0.00179505348205566,4
0.00171899795532227,4
0.00174808502197266,4
0.0016930103302002,4
0.0018000602722168,4
0.00176501274108887,4
0.000897884368896484,1
0.000900983810424805,1
0.000880002975463867,1
0.000761032104492188,1
0.000809192657470703,1
0.000761032104492188,1
0.000823020935058594,1
0.000764846801757812,1
0.000759124755859375,1
0.000782966613769531,1
0.000787973403930664,16
0.000810146331787109,16
0.000841140747070312,16
0.000793933868408203,16
0.000796079635620117,16
0.000777959823608398,16
0.000804901123046875,16
0.000833988189697266,16
0.00080418586730957,16
0.000818967819213867,16
0.00243496894836426,1
0.00240087509155273,1
0.00239801406860352,1
0.00239992141723633,1
0.00246405601501465,1
0.00255799293518066,1
0.00255584716796875,1
0.00246691703796387,1
0.00243902206420898,1
0.0023808479309082,1
0.00164699554443359,1
0.00156593322753906,1
0.00157594680786133,1
0.00163602828979492,1
0.00157690048217773,1
0.00157499313354492,1
0.00157618522644043,1
0.00159907341003418,1
0.00159287452697754,1
0.00156092643737793,1
0.000934123992919922,16
0.000943899154663086,16
0.00110697746276855,16
0.000999927520751953,16
0.00098109245300293,16
0.00100612640380859,16
0.000996112823486328,16
0.000925064086914062,16
0.000979900360107422,16
0.000964879989624023,16
0.000738143920898438,4
0.000777006149291992,4
0.000751018524169922,4
0.000775814056396484,4
0.000742197036743164,4
0.000748872756958008,4
0.000757932662963867,4
0.000769138336181641,4
0.000800848007202148,4
0.000724077224731445,4
0.000802993774414062,16
0.000777959823608398,16
0.000787973403930664,16
0.000808954238891602,16
0.000790119171142578,16
0.000787973403930664,16
0.000779867172241211,16
0.0007781982421875,16
0.000795841217041016,16
0.000760078430175781,16
0.00080108642578125,16
0.00082707405090332,16
0.000807046890258789,16
0.000899076461791992,16
0.000823974609375,16
0.000824928283691406,16
0.000831127166748047,16
0.000844001770019531,16
0.000833988189697266,16
0.000890970230102539,16
0.00108599662780762,1
0.00105500221252441,1
0.00107002258300781,1
0.00109601020812988,1
0.000993967056274414,1
0.000967979431152344,1
0.000991106033325195,1
0.000970125198364258,1
0.000996112823486328,1
0.00095820426940918,1
0.000878095626831055,1
0.000862836837768555,1
0.000844955444335938,1
0.000840902328491211,1
0.00088810920715332,1
0.000828981399536133,1
0.000834941864013672,1
0.000847101211547852,1
0.000844001770019531,1
0.000848054885864258,1
0.000863075256347656,1
0.000875949859619141,1
0.000855922698974609,1
0.000814914703369141,1
0.000843048095703125,1
0.000863075256347656,1
0.000844001770019531,1
0.000833988189697266,1
0.000894069671630859,1
0.000855922698974609,1
0.000849008560180664,1
0.00137686729431152,1
0.00103998184204102,1
0.000997066497802734,1
0.000972986221313477,1
0.00099492073059082,1
0.000910043716430664,1
0.000890970230102539,1
0.000892877578735352,1
0.000916957855224609,1
0.00120401382446289,1
0.00115203857421875,1
0.0011289119720459,1
0.00113511085510254,1
0.0011439323425293,1
0.00112605094909668,1
0.00116801261901855,1
0.00113701820373535,1
0.00114989280700684,1
0.001129150390625,1
0.000970125198364258,1
0.000954866409301758,1
0.000967025756835938,1
0.000952005386352539,1
0.000953912734985352,1
0.000941991806030273,1
0.000951051712036133,1
0.000957965850830078,1
0.000953197479248047,1
0.000944137573242188,1
0.00143194198608398,1
0.00134515762329102,1
0.0013430118560791,1
0.00135207176208496,1
0.0012810230255127,1
0.0013129711151123,1
0.0012671947479248,1
0.00127100944519043,1
0.00131392478942871,1
0.00125598907470703,1
0.00132894515991211,108
0.00141596794128418,108
0.00132107734680176,108
0.00127220153808594,108
0.00128912925720215,108
0.0012810230255127,108
0.00127696990966797,108
0.00132012367248535,108
0.00137090682983398,108
0.00148391723632812,108
0.00130987167358398,1
0.00130510330200195,1
0.00130486488342285,1
0.00136494636535645,1
0.00131607055664062,1
0.00134396553039551,1
0.00115609169006348,1
0.00115799903869629,1
0.00113201141357422,1
0.0011439323425293,1
0.00135993957519531,1
0.00134992599487305,1
0.00142502784729004,1
0.00136089324951172,1
0.00135183334350586,1
0.00133800506591797,1
0.00143909454345703,1
0.00139689445495605,1
0.00134181976318359,1
0.00134682655334473,1
0.00158405303955078,1
0.00157785415649414,1
0.00159001350402832,1
0.00158405303955078,1
0.00169014930725098,1
0.0017399787902832,1
0.00175809860229492,1
0.00161099433898926,1
0.00158119201660156,1
0.00164103507995605,1
0.000979900360107422,1
0.000988960266113281,1
0.000965118408203125,1
0.00100302696228027,1
0.00096893310546875,1
0.000991106033325195,1
0.000962972640991211,1
0.000992059707641602,1
0.000959157943725586,1
0.000994205474853516,1
0.000880956649780273,1
0.000900030136108398,1
0.000871896743774414,1
0.000900983810424805,1
0.000892877578735352,1
0.000927925109863281,1
0.000926017761230469,1
0.000910043716430664,1
0.000908136367797852,1
0.000931978225708008,1
0.00171899795532227,1
0.00170397758483887,1
0.00174903869628906,1
0.00171113014221191,1
0.00161480903625488,1
0.00157904624938965,1
0.00159382820129395,1
0.00157308578491211,1
0.00160098075866699,1
0.00158596038818359,1
0.000838041305541992,1
0.00088191032409668,1
0.000858068466186523,1
0.00083613395690918,1
0.000857830047607422,1
0.000815868377685547,1
0.000834941864013672,1
0.000839948654174805,1
0.000863075256347656,1
0.000847101211547852,1
0.00275278091430664,16384
0.00273585319519043,16384
0.0027308464050293,16384
0.00297999382019043,16384
0.00265693664550781,16384
0.00250887870788574,16384
0.00249791145324707,16384
0.00254106521606445,16384
0.00255393981933594,16384
0.00252604484558105,16384
0.00115299224853516,1
0.00114798545837402,1
0.00117206573486328,1
0.00116109848022461,1
0.00113606452941895,1
0.00114202499389648,1
0.00114703178405762,1
0.00116491317749023,1
0.00118494033813477,1
0.00134587287902832,1
0.00131487846374512,1
0.00130915641784668,1
0.00127887725830078,1
0.00124597549438477,1
0.00131011009216309,1
0.00126910209655762,1
0.00124001502990723,1
0.00125288963317871,1
0.00127196311950684,1
0.00124597549438477,1
0.000848054885864258,16
0.000818967819213867,16
0.000831127166748047,16
0.000799179077148438,16
0.000793933868408203,16
0.000816106796264648,16
0.000847101211547852,16
0.000814199447631836,16
0.00080108642578125,16
0.00082707405090332,16
0.000880002975463867,4
0.000854015350341797,4
0.000875949859619141,4
0.000869035720825195,4
0.000861167907714844,4
0.000880002975463867,4
0.000875949859619141,4
0.000889062881469727,4
0.000854015350341797,4
0.000854969024658203,4
0.000898838043212891,4
0.000869035720825195,4
0.000871896743774414,4
0.000833988189697266,4
0.000764131546020508,4
0.000742912292480469,4
0.000734090805053711,4
0.000761032104492188,4
0.000756978988647461,4
0.000727176666259766,4
0.000625848770141602,1
0.00065302848815918,1
0.000636100769042969,1
0.000620841979980469,1
0.000658035278320312,1
0.000633955001831055,1
0.000828981399536133,1
0.000831127166748047,1
0.00085902214050293,1
0.000828981399536133,1
0.00238704681396484,1
0.00238800048828125,1
0.00242710113525391,1
0.00237607955932617,1
0.0023961067199707,1
0.00237011909484863,1
0.00239086151123047,1
0.00245499610900879,1
0.00238490104675293,1
0.00246596336364746,1
0.00209593772888184,1
0.00251579284667969,1
0.00251412391662598,1
0.00252413749694824,1
0.00252604484558105,1
0.00258016586303711,1
0.00252294540405273,1
0.00258994102478027,1
0.00252580642700195,1
0.00260806083679199,1
0.00139212608337402,1
0.00141286849975586,1
0.00136303901672363,1
0.00138688087463379,1
0.00198197364807129,1
0.00224900245666504,1
0.00235700607299805,1
0.00231218338012695,1
0.00231289863586426,1
0.00234889984130859,1
0.00473999977111816,1
0.00480985641479492,1
0.00483107566833496,1
0.00627398490905762,1
0.00714492797851562,1
0.00724601745605469,1
0.00723600387573242,1
0.00724387168884277,1
0.00727105140686035,1
0.00725293159484863,1
0.00798511505126953,1728
0.00809907913208008,1728
0.00804495811462402,1728
0.00799393653869629,1728
0.0080561637878418,1728
0.00810503959655762,1728
0.00807714462280273,1728
0.00817203521728516,1728
0.00707602500915527,1728
0.00179791450500488,1728
0.00195717811584473,4
0.00194311141967773,4
0.00196599960327148,4
0.0019838809967041,4
0.00197291374206543,4
0.00191688537597656,4
0.00195503234863281,4
0.00195693969726562,4
0.00195598602294922,4
0.00194501876831055,4
0.00200796127319336,4
0.0021510124206543,4
0.00210404396057129,4
0.00206208229064941,4
0.00197792053222656,4
0.00198602676391602,4
0.00197911262512207,4
0.00197792053222656,4
0.0019831657409668,4
0.00197911262512207,4
0.00125813484191895,1
0.00129985809326172,1
0.00121092796325684,1
0.00125408172607422,1
0.00127792358398438,1
0.00128984451293945,1
0.0012819766998291,1
0.0012671947479248,1
0.00124502182006836,1
0.00143194198608398,1
0.00101995468139648,1
0.000999927520751953,1
0.000931024551391602,1
0.000900983810424805,1
0.000988006591796875,1
0.000890970230102539,1
0.000903129577636719,1
0.000882148742675781,1
0.000916957855224609,1
0.000894069671630859,1
0.0015718936920166,1
0.00162386894226074,1
0.00151801109313965,1
0.00159096717834473,1
0.00155282020568848,1
0.00154995918273926,1
0.00156188011169434,1
0.00153303146362305,1
0.0015561580657959,1
0.00153613090515137,1
0.000988006591796875,16
0.000974893569946289,16
0.000927925109863281,16
0.000929117202758789,16
0.000974178314208984,16
0.00101613998413086,16
0.00101900100708008,16
0.00104880332946777,16
0.000952005386352539,16
0.00102901458740234,16
0.00170803070068359,4
0.00173711776733398,4
0.0017240047454834,4
0.00164985656738281,4
0.00169897079467773,4
0.00170397758483887,4
0.00167179107666016,4
0.00166893005371094,4
0.00173592567443848,4
0.00172019004821777,4
0.000941038131713867,1
0.000963926315307617,1
0.000956058502197266,1
0.000973939895629883,1
0.000982999801635742,1
0.000964879989624023,1
0.000990152359008789,1
0.00395298004150391,1
0.000948905944824219,1
0.00127100944519043,1
0.00245285034179688,16384
0.00248122215270996,16384
0.00244283676147461,16384
0.00254201889038086,16384
0.00244402885437012,16384
0.00252389907836914,16384
0.00246405601501465,16384
0.00259113311767578,16384
0.00247812271118164,16384
0.00253081321716309,16384
0.00125813484191895,1
0.00124406814575195,1
0.00113487243652344,1
0.0012519359588623,1
0.00112795829772949,1
0.00114202499389648,1
0.00113606452941895,1
0.00113987922668457,1
0.00121617317199707,1
0.0011448860168457,1
0.00225996971130371,1024
0.00228404998779297,1024
0.00228118896484375,1024
0.00227093696594238,1024
0.00223088264465332,1024
0.0022428035736084,1024
0.0022740364074707,1024
0.00222277641296387,1024
0.00233101844787598,1024
0.00238299369812012,1024
0.00177621841430664,4194304
0.0017549991607666,4194304
0.00177693367004395,4194304
0.00177597999572754,4194304
0.00182414054870605,4194304
0.0022130012512207,4194304
0.00242996215820312,4194304
0.00247502326965332,4194304
0.00240397453308105,4194304
0.00247812271118164,4194304
0.00129294395446777,1
0.00130891799926758,1
0.00136184692382812,1
0.0013129711151123,1
0.00130200386047363,1
0.00135302543640137,1
0.00108003616333008,1
0.00101900100708008,1
0.00103092193603516,1
0.000957012176513672,1
0.00111103057861328,1
0.00114202499389648,1
0.00120401382446289,1
0.00111794471740723,1
0.00113296508789062,1
0.00111007690429688,1
0.00111913681030273,1
0.00111007690429688,1
0.00112104415893555,1
0.00114297866821289,1
0.0020289421081543,64
0.00200891494750977,64
0.0020301342010498,64
0.00201797485351562,64
0.00201296806335449,64
0.00203800201416016,64
0.00213098526000977,64
0.00212001800537109,64
0.00207901000976562,64
0.00201892852783203,64
0.000824928283691406,1
0.000872135162353516,1
0.000880956649780273,1
0.00089716911315918,1
0.000997066497802734,1
0.00107192993164062,1
0.00110197067260742,1
0.00105905532836914,1
0.0010371208190918,1
0.00104403495788574,1
0.00220513343811035,256
0.00222587585449219,256
0.00219583511352539,256
0.00219082832336426,256
0.0021979808807373,256
0.00224089622497559,256
0.0022737979888916,256
0.00190210342407227,256
0.00178885459899902,256
0.00165390968322754,256
0.000892877578735352,1
0.000851869583129883,1
0.000880002975463867,1
0.000869989395141602,1
0.000886917114257812,1
0.000842094421386719,1
0.000904083251953125,1
0.000839948654174805,1
0.000915050506591797,1
0.000849008560180664,1
0.00142502784729004,1
0.00131487846374512,1
0.00142908096313477,1
0.00132894515991211,1
0.0013740062713623,1
0.00131893157958984,1
0.00139212608337402,1
0.0013430118560791,1
0.00139403343200684,1
0.00136899948120117,1
0.00374007225036621,1
0.00365304946899414,1
0.00381779670715332,1
0.00375103950500488,1
0.00356507301330566,1
0.00359892845153809,1
0.00364279747009277,1
0.00363707542419434,1
0.0036160945892334,1
0.00368404388427734,1
0.00174689292907715,256
0.00176405906677246,256
0.00166201591491699,256
0.00168800354003906,256
0.00174617767333984,256
0.00171113014221191,256
0.00169897079467773,256
0.0018010139465332,256
0.001708984375,256
0.00172114372253418,256
0.00105190277099609,1
0.00110793113708496,1
0.00103902816772461,1
0.00110197067260742,1
0.00106096267700195,1
0.00108194351196289,1
0.0011899471282959,1
0.00108695030212402,1
0.00118207931518555,1
0.00118899345397949,1
0.00181698799133301,4
0.00173115730285645,4
0.0018928050994873,4
0.00180292129516602,4
0.00179100036621094,4
0.0018010139465332,4
0.00178813934326172,4
0.00174117088317871,4
0.00176191329956055,4
0.00179505348205566,4
0.00187397003173828,16
0.0018620491027832,16
0.00185203552246094,16
0.00180792808532715,16
0.00205707550048828,16
0.00204896926879883,16
0.00194096565246582,16
0.00182509422302246,16
0.00196218490600586,16
0.00181007385253906,16
0.00485491752624512,6912
0.00344109535217285,6912
0.00471282005310059,6912
0.00338506698608398,6912
0.00476288795471191,6912
0.00359702110290527,6912
0.00478696823120117,6912
0.00473594665527344,6912
0.0034031867980957,6912
0.0047299861907959,6912
0.00471091270446777,6912
0.00354409217834473,6912
0.00483512878417969,6912
0.00348401069641113,6912
0.00475001335144043,6912
0.00338602066040039,6912
0.00471186637878418,6912
0.00472187995910645,6912
0.00349712371826172,6912
0.00495314598083496,6912
0.00205779075622559,64
0.00186920166015625,64
0.00191903114318848,64
0.00192785263061523,64
0.0019230842590332,64
0.0019690990447998,64
0.00192594528198242,64
0.00186800956726074,64
0.00189399719238281,64
0.00192117691040039,64
0.000854969024658203,64
0.000838041305541992,64
0.000813007354736328,64
0.000816106796264648,64
0.000834941864013672,64
0.000808000564575195,64
0.000875949859619141,64
0.000866174697875977,64
0.000915050506591797,64
0.000921010971069336,64
0.00139403343200684,6912
0.00143599510192871,6912
0.00135588645935059,6912
0.0013420581817627,6912
0.00139904022216797,6912
0.00133705139160156,6912
0.00137114524841309,6912
0.00132107734680176,6912
0.00138401985168457,6912
0.00134611129760742,6912
0.00162720680236816,1
0.00154685974121094,1
0.00164413452148438,1
0.00159811973571777,1
0.00166988372802734,1
0.00161504745483398,1
0.00158214569091797,1
0.00163006782531738,1
0.0016629695892334,1
0.00172710418701172,1
0.00180888175964355,64
0.00183796882629395,64
0.00175881385803223,64
0.00170993804931641,64
0.00173497200012207,64
0.00175786018371582,64
0.00176596641540527,64
0.00169205665588379,64
0.00172805786132812,64
0.00171685218811035,64
0.00170302391052246,1024
0.00165510177612305,1024
0.00173497200012207,1024
0.00167202949523926,1024
0.00166821479797363,1024
0.00174498558044434,1024
0.00183701515197754,1024
0.00181102752685547,1024
0.00182604789733887,1024
0.00165390968322754,1024
0.000861167907714844,1024
0.000791072845458984,1024
0.000873088836669922,1024
0.000828981399536133,1024
0.000871896743774414,1024
0.000797033309936523,1024
0.000905036926269531,1024
0.000822067260742188,1024
0.000822067260742188,1024
0.000809907913208008,1024
0.00162315368652344,4
0.0015709400177002,4
0.00161194801330566,4
0.00155997276306152,4
0.00162482261657715,4
0.00158500671386719,4
0.00156092643737793,4
0.0015871524810791,4
0.00160408020019531,4
0.00174093246459961,4
0.00159001350402832,16777216
0.00157690048217773,16777216
0.00154614448547363,16777216
0.00152707099914551,16777216
0.00147604942321777,16777216
0.00149297714233398,16777216
0.0014801025390625,16777216
0.00148701667785645,16777216
0.00145697593688965,16777216
0.00145292282104492,16777216
0.00104522705078125,1
0.0010521411895752,1
0.00102400779724121,1
0.00102901458740234,1
0.0010221004486084,1
0.00103092193603516,1
0.00102806091308594,1
0.00109219551086426,1
0.00102400779724121,1
0.00106692314147949,1
0.00159883499145508,1
0.00168108940124512,1
0.00171208381652832,1
0.00163006782531738,1
0.00168681144714355,1
0.00164413452148438,1
0.00168108940124512,1
0.00156688690185547,1
0.0016789436340332,1
0.00160884857177734,1
0.00157690048217773,16
0.00168299674987793,16
0.00167202949523926,16
0.00167489051818848,16
0.00170993804931641,16
0.00169801712036133,16
0.00171589851379395,16
0.00171995162963867,16
0.00171184539794922,16
0.00170993804931641,16
0.00337791442871094,16384
0.00261402130126953,16384
0.00269889831542969,16384
0.00260710716247559,16384
0.00267314910888672,16384
0.00268912315368652,16384
0.00253701210021973,16384
0.00259590148925781,16384
0.00265908241271973,16384
0.00263309478759766,16384
0.00133895874023438,1
0.00135588645935059,1
0.00136590003967285,1
0.00135898590087891,1
0.00139999389648438,1
0.00129389762878418,1
0.00138688087463379,1
0.00125813484191895,1
0.00136303901672363,1
0.00131106376647949,1
0.00187587738037109,1
0.00179696083068848,1
0.00171995162963867,1
0.00182700157165527,1
0.00170803070068359,1
0.00178289413452148,1
0.00176286697387695,1
0.00181794166564941,1
0.00174808502197266,1
0.00175118446350098,1
0.000930070877075195,256
0.00103998184204102,256
0.00110197067260742,256
0.00107502937316895,256
0.00102090835571289,256
0.000975847244262695,256
0.000967979431152344,256
0.000932931900024414,256
0.000955104827880859,256
0.000945091247558594,256
0.00107407569885254,1
0.00103902816772461,1
0.00107216835021973,1
0.00103092193603516,1
0.00133299827575684,1
0.00131392478942871,1
0.00130891799926758,1
0.00129079818725586,1
0.0013420581817627,1
0.00129294395446777,1
0.00157690048217773,1
0.00159311294555664,1
0.00162410736083984,1
0.00160503387451172,1
0.00157403945922852,1
0.00159192085266113,1
0.00168514251708984,1
0.00141406059265137,1
0.00138187408447266,1
0.0012810230255127,1
0.00127387046813965,1
0.00133204460144043,1
0.00129795074462891,1
0.00127482414245605,1
0.00131702423095703,1
0.00191283226013184,1
0.00189781188964844,1
0.00193095207214355,1
0.00191521644592285,1
0.00193214416503906,1
0.00185108184814453,1
0.00186991691589355,1
0.00185418128967285,1
0.00185203552246094,1
0.00184297561645508,1
0.00191497802734375,1
0.00165605545043945,1
0.00133109092712402,1
0.00128388404846191,1
0.00124907493591309,1
0.00201606750488281,16
0.00260090827941895,16
0.00313115119934082,16
0.00310683250427246,16
0.00258898735046387,16
0.00207781791687012,16
0.00207805633544922,16
0.00197601318359375,16
0.00197291374206543,16
0.00207901000976562,16
0.00194907188415527,64
0.00182604789733887,64
0.00179314613342285,64
0.00175786018371582,64
0.00184202194213867,64
0.00179505348205566,64
0.00177693367004395,64
0.00179696083068848,64
0.00175595283508301,64
0.00181412696838379,64
0.000957012176513672,256
0.000980138778686523,256
0.000988006591796875,256
0.000937938690185547,256
0.000962972640991211,256
0.00097203254699707,256
0.000952959060668945,256
0.00097203254699707,256
0.000982999801635742,256
0.000998020172119141,256
0.000936031341552734,256
0.000948190689086914,256
0.000976085662841797,256
0.000952005386352539,256
0.000973939895629883,256
0.000952959060668945,256
0.000941038131713867,256
0.000936985015869141,256
0.000926971435546875,256
0.000918865203857422,256
0.00323081016540527,1
0.00323796272277832,1
0.00321078300476074,1
0.00321316719055176,1
0.0032200813293457,1
0.0031888484954834,1
0.00321197509765625,1
0.0033571720123291,1
0.00320601463317871,1
0.00328302383422852,1
0.000889062881469727,1
0.000898122787475586,1
0.000905990600585938,1
0.000893115997314453,1
0.000918865203857422,1
0.000899076461791992,1
0.000944852828979492,1
0.000904083251953125,1
0.000919103622436523,1
0.000925779342651367,1
0.00162076950073242,16
0.0016319751739502,16
0.00165009498596191,16
0.0015709400177002,16
0.00160598754882812,16
0.0015718936920166,16
0.00164794921875,16
0.00175905227661133,16
0.00176501274108887,16
0.00162506103515625,16
0.00150418281555176,64
0.00146293640136719,64
0.00151896476745605,64
0.00146698951721191,64
0.00151586532592773,64
0.00147891044616699,64
0.00151801109313965,64
0.0014650821685791,64
0.00151896476745605,64
0.00147485733032227,64
0.0016639232635498,4
0.00160002708435059,1
0.0015559196472168,1
0.00158500671386719,1
0.00172805786132812,4
0.00166106224060059,4
0.00181388854980469,4
0.00163793563842773,1
0.0016639232635498,1
0.00165700912475586,1
0.00102782249450684,1
0.000927925109863281,1
0.000928878784179688,1
0.000941038131713867,1
0.000915050506591797,1
0.000946998596191406,1
0.00090789794921875,1
0.00094294548034668,1
0.000916004180908203,1
0.000916004180908203,1
0.00306892395019531,16384
0.00318002700805664,16384
0.0030670166015625,16384
0.00310587882995605,16384
0.0032198429107666,16384
0.00328397750854492,16384
0.00317907333374023,16384
0.00311899185180664,16384
0.0031590461730957,16384
0.00319480895996094,16384
0.00108909606933594,1
0.00107908248901367,1
0.00100302696228027,1
0.00101089477539062,1
0.00100183486938477,1
0.00101804733276367,1
0.000999927520751953,1
0.000985860824584961,1
0.00101995468139648,1
0.00106191635131836,1
0.00145697593688965,64
0.00147604942321777,64
0.0015418529510498,64
0.00147104263305664,64
0.00142478942871094,64
0.00154304504394531,64
0.00130391120910645,64
0.00133800506591797,64
0.00129199028015137,64
0.00131797790527344,64
0.000739812850952148,1
0.000756025314331055,1
0.000732898712158203,1
0.000815868377685547,1
0.000741004943847656,1
0.000765085220336914,1
0.000741958618164062,1
0.000744104385375977,1
0.000784873962402344,1
0.000720977783203125,1
0.000847101211547852,1
0.00083613395690918,1
0.000845909118652344,1
0.000848054885864258,1
0.000880002975463867,1
0.000816822052001953,1
0.000857114791870117,1
0.000903844833374023,1
0.000902891159057617,1
0.00089716911315918,1
0.000916004180908203,64
0.000941991806030273,64
0.000925064086914062,64
0.000988006591796875,64
0.000988006591796875,64
0.000966072082519531,64
0.000962972640991211,64
0.00094294548034668,64
0.000916957855224609,64
0.000854969024658203,64
0.00145101547241211,4
0.00140094757080078,4
0.00144600868225098,4
0.00139117240905762,4
0.00144791603088379,4
0.00139689445495605,4
0.00142312049865723,4
0.00142717361450195,4
0.0013890266418457,4
0.00138998031616211,4
0.000715970993041992,1
0.000672101974487305,1
0.000652074813842773,1
0.000645875930786133,1
0.000661134719848633,1
0.000668048858642578,1
0.00064396858215332,1
0.000658988952636719,1
0.000650882720947266,1
0.000658988952636719,1
0.000971078872680664,1
0.000975131988525391,1
0.00100803375244141,1
0.00108003616333008,1
0.0011589527130127,1
0.00105881690979004,1
0.0010528564453125,1
0.00100398063659668,1
0.000963926315307617,1
0.000990867614746094,1
0.00286293029785156,65536
0.00294017791748047,65536
0.00293588638305664,65536
0.00292015075683594,65536
0.00282907485961914,65536
0.00296688079833984,65536
0.00296998023986816,65536
0.00298094749450684,65536
0.00313305854797363,65536
0.00305294990539551,65536
0.00288105010986328,4096
0.00285005569458008,4096
0.0029289722442627,4096
0.00294709205627441,4096
0.00296401977539062,4096
0.00294589996337891,4096
0.00290608406066895,4096
0.00284695625305176,4096
0.00309300422668457,4096
0.0029149055480957,4096
0.00272798538208008,274877906944
0.00276899337768555,274877906944
0.00272107124328613,274877906944
0.00287413597106934,274877906944
0.0026857852935791,274877906944
0.00272798538208008,274877906944
0.00270199775695801,274877906944
0.00271701812744141,274877906944
0.00276803970336914,274877906944
0.00290298461914062,274877906944
0.00340890884399414,65536
0.00343108177185059,65536
0.00337791442871094,65536
0.00339007377624512,65536
0.00338196754455566,65536
0.00339794158935547,65536
0.00341415405273438,65536
0.00566816329956055,65536
0.00401401519775391,65536
0.0035240650177002,65536
0.00256204605102539,1
0.00246810913085938,1
0.00249385833740234,1
0.00242996215820312,1
0.00254011154174805,1
0.00242495536804199,1
0.00248408317565918,1
0.00241708755493164,1
0.00258493423461914,1
0.00268697738647461,1
0.002532958984375,1
0.00247502326965332,1
0.00249505043029785,1
0.00313782691955566,1
0.00314116477966309,1
0.00314593315124512,1
0.0032198429107666,1
0.00314497947692871,1
0.00316596031188965,1
0.00322914123535156,1
0.00353503227233887,16
0.00356101989746094,16
0.00284481048583984,16
0.00277018547058105,16
0.00274419784545898,16
0.00278306007385254,16
0.00272798538208008,16
0.0027318000793457,16
0.00270295143127441,16
0.00280284881591797,16
0.00199103355407715,4
0.00190401077270508,4
0.00188112258911133,4
0.00186300277709961,4
0.00204801559448242,4
0.00214695930480957,4
0.00213098526000977,4
0.00214385986328125,4
0.00213313102722168,4
0.00214004516601562,4
0.000938892364501953,4
0.000878095626831055,4
0.000890970230102539,4
0.000865936279296875,4
0.000890970230102539,4
0.000884056091308594,4
0.000890016555786133,4
0.000917911529541016,4
0.00103092193603516,4
0.00098109245300293,4
0.00181102752685547,1
0.00182795524597168,1
0.00186014175415039,1
0.00184202194213867,1
0.00162100791931152,1
0.0014498233795166,1
0.0015571117401123,1
0.00144815444946289,1
0.00153398513793945,1
0.00145101547241211,1
0.00185394287109375,64
0.00183892250061035,64
0.00183701515197754,64
0.00184202194213867,64
0.00186705589294434,64
0.00182390213012695,64
0.00186896324157715,64
0.00196003913879395,64
0.00189614295959473,64
0.00187397003173828,64
0.00182819366455078,64
0.00190496444702148,64
0.00184202194213867,64
0.00182700157165527,64
0.00186395645141602,64
0.00182604789733887,64
0.00178790092468262,64
0.00180983543395996,64
0.00184512138366699,64
0.00187301635742188,64
0.00212383270263672,64
0.00213217735290527,64
0.00215601921081543,64
0.002288818359375,64
0.00222206115722656,64
0.00214982032775879,64
0.00223994255065918,64
0.0021510124206543,64
0.00223493576049805,64
0.00210285186767578,64
0.00128602981567383,4
0.00131607055664062,4
0.00131702423095703,4
0.00128293037414551,4
0.00130391120910645,4
0.00127792358398438,4
0.00130105018615723,4
0.00132894515991211,4
0.00130391120910645,4
0.00128483772277832,4
0.00101613998413086,1
0.00105404853820801,1
0.00103497505187988,1
0.00100612640380859,1
0.000987052917480469,1
0.000993967056274414,1
0.00097203254699707,1
0.000931978225708008,1
0.00103998184204102,1
0.000951051712036133,1
0.000949859619140625,4
0.000938892364501953,4
0.00094294548034668,4
0.000951766967773438,4
0.000979185104370117,4
0.000944852828979492,4
0.000943899154663086,4
0.000952959060668945,4
0.000973939895629883,4
0.000941991806030273,4
0.000979900360107422,1
0.000962972640991211,1
0.000978946685791016,1
0.000941991806030273,1
0.000969886779785156,1
0.000950098037719727,1
0.000966787338256836,1
0.000935077667236328,1
0.000979185104370117,1
0.000944137573242188,1
0.000988006591796875,1
0.000962018966674805,1
0.00105905532836914,1
0.00111913681030273,1
0.0010528564453125,1
0.00104999542236328,1
0.0010521411895752,1
0.00103306770324707,1
0.00104403495788574,1
0.000957012176513672,1
0.00162696838378906,4
0.00162601470947266,4
0.00162100791931152,4
0.00160312652587891,4
0.00158309936523438,4
0.00172901153564453,4
0.00163602828979492,4
0.00160598754882812,4
0.00165009498596191,4
0.00165581703186035,4
0.0021820068359375,64
0.00244808197021484,64
0.00246906280517578,64
0.00250005722045898,64
0.00259995460510254,64
0.00221014022827148,64
0.00209808349609375,64
0.00217103958129883,64
0.00211596488952637,64
0.00210690498352051,64
0.00192904472351074,4
0.00191283226013184,4
0.00191307067871094,4
0.0019230842590332,4
0.00191402435302734,4
0.00193595886230469,4
0.0018620491027832,4
0.00211715698242188,4
0.00206279754638672,4
0.00201892852783203,4
0.00157904624938965,16
0.00172615051269531,16
0.00163888931274414,16
0.00161600112915039,16
0.00164580345153809,16
0.00166511535644531,16
0.00161409378051758,16
0.00162911415100098,16
0.00166797637939453,16
0.00159692764282227,16
0.000880956649780273,1
0.000843048095703125,1
0.000874042510986328,1
0.000833034515380859,1
0.000854015350341797,1
0.000843048095703125,1
0.000897884368896484,1
0.00084686279296875,1
0.000842809677124023,1
0.000946998596191406,1
0.00114297866821289,64
0.0010678768157959,64
0.00108909606933594,64
0.00122284889221191,64
0.00106191635131836,64
0.00107192993164062,64
0.00105500221252441,64
0.00109100341796875,64
0.0010840892791748,64
0.001068115234375,64
0.00103521347045898,64
0.00105190277099609,64
0.00110697746276855,64
0.00109720230102539,64
0.0010230541229248,64
0.00106191635131836,64
0.00101995468139648,64
0.0010521411895752,64
0.00102400779724121,64
0.00106716156005859,64
0.00264716148376465,256
0.00258421897888184,256
0.00261521339416504,256
0.00278186798095703,256
0.00272798538208008,256
0.00266504287719727,256
0.00261902809143066,256
0.00258398056030273,256
0.00289702415466309,256
0.00305509567260742,256
0.00155496597290039,4
0.00154495239257812,4
0.00157690048217773,4
0.0015568733215332,4
0.00153303146362305,4
0.0015718936920166,4
0.00239801406860352,4
0.00160908699035645,4
0.00150704383850098,4
0.00142312049865723,4
0.00132918357849121,4
0.00137495994567871,4
0.00134396553039551,4
0.00133514404296875,4
0.00131797790527344,4
0.00142812728881836,4
0.00136804580688477,4
0.00133991241455078,4
0.00131702423095703,4
0.00135207176208496,4
0.0012810230255127,64
0.00130605697631836,64
0.00133109092712402,64
0.00130081176757812,64
0.00130486488342285,64
0.00135207176208496,64
0.00128507614135742,64
0.00130915641784668,64
0.00139808654785156,64
0.00147485733032227,64
0.00207090377807617,256
0.0019371509552002,256
0.0019688606262207,256
0.00195717811584473,256
0.00195407867431641,256
0.00199198722839355,256
0.00196504592895508,256
0.00196599960327148,256
0.00194883346557617,256
0.00194001197814941,256
0.00191807746887207,4
0.00189495086669922,4
0.00190401077270508,4
0.00190186500549316,4
0.00197911262512207,4
0.00209593772888184,4
0.00197887420654297,4
0.0019378662109375,4
0.00189590454101562,4
0.00189495086669922,4
0.00230884552001953,256
0.00230717658996582,256
0.00230789184570312,256
0.00229406356811523,256
0.00233006477355957,256
0.00232601165771484,256
0.00231003761291504,256
0.002288818359375,256
0.00235605239868164,256
0.00249600410461426,256
0.00154304504394531,64
0.00141215324401855,64
0.00140190124511719,64
0.00139594078063965,64
0.00140190124511719,64
0.00144600868225098,64
0.00137996673583984,64
0.00143003463745117,64
0.00134897232055664,64
0.00141191482543945,64
0.000807046890258789,16
0.000733137130737305,16
0.000816106796264648,16
0.000764846801757812,16
0.000794887542724609,16
0.000802040100097656,16
0.000763893127441406,16
0.000795125961303711,16
0.000761985778808594,16
0.000792980194091797,16
0.000725984573364258,16
0.000683784484863281,16
0.000720977783203125,16
0.000687122344970703,16
0.000664949417114258,16
0.000725984573364258,16
0.000689983367919922,16
0.000896930694580078,16
0.000725984573364258,16
0.000797033309936523,16
0.00194120407104492,1
0.00187301635742188,1
0.00187397003173828,1
0.00181698799133301,1
0.00183582305908203,1
0.00187110900878906,1
0.00182008743286133,1
0.00188016891479492,1
0.00186705589294434,1
0.00184392929077148,1
0.00136899948120117,64
0.0013730525970459,64
0.00138306617736816,64
0.00138401985168457,64
0.00135993957519531,64
0.00141787528991699,64
0.00144505500793457,64
0.00145387649536133,64
0.00150799751281738,64
0.00140595436096191,64
0.00182414054870605,4
0.00180602073669434,4
0.00183796882629395,4
0.00177001953125,4
0.00178289413452148,4
0.00183486938476562,4
0.00181794166564941,4
0.00182104110717773,4
0.00180912017822266,4
0.00178408622741699,4
0.00229001045227051,256
0.00230002403259277,256
0.00229287147521973,256
0.00236105918884277,256
0.00247311592102051,256
0.0023500919342041,256
0.00239396095275879,256
0.00229597091674805,256
0.00235819816589355,256
0.00231099128723145,256
0.00208711624145508,1
0.00212383270263672,1
0.0020749568939209,1
0.0020909309387207,1
0.00212693214416504,1
0.00208187103271484,1
0.00211215019226074,1
0.00223803520202637,1
0.00217986106872559,1
0.00215911865234375,1
0.00256013870239258,27
0.00244784355163574,27
0.00245499610900879,27
0.00243616104125977,27
0.00252699851989746,27
0.00250005722045898,27
0.00246596336364746,27
0.00242114067077637,27
0.00245094299316406,27
0.00243520736694336,27
0.00157499313354492,16777216
0.00155115127563477,16777216
0.00155806541442871,16777216
0.00146698951721191,16777216
0.0015110969543457,16777216
0.00153207778930664,16777216
0.00154709815979004,16777216
0.00144195556640625,16777216
0.00145697593688965,16777216
0.00147891044616699,16777216
0.00192809104919434,16
0.0018460750579834,16
0.00188088417053223,16
0.0018770694732666,16
0.00185298919677734,16
0.00189900398254395,16
0.00187993049621582,16
0.00189495086669922,16
0.00203704833984375,16
0.00194716453552246,16
0.0012199878692627,1
0.00125908851623535,1
0.00130295753479004,1
0.00119996070861816,1
0.00117397308349609,1
0.00121212005615234,1
0.00116682052612305,1
0.00121808052062988,1
0.00119805335998535,1
0.00120186805725098,1
0.00147390365600586,16
0.00139498710632324,16
0.00141406059265137,16
0.00141191482543945,16
0.00142598152160645,16
0.00144505500793457,16
0.00144290924072266,16
0.00139808654785156,16
0.00144410133361816,16
0.00156903266906738,16
0.000741958618164062,1
0.000761032104492188,1
0.000642061233520508,1
0.000648975372314453,1
0.000638008117675781,1
0.000620841979980469,1
0.000724077224731445,1
0.000625848770141602,1
0.000613212585449219,1
0.000644207000732422,1
0.00147700309753418,16
0.00150799751281738,16
0.00152707099914551,16
0.00151705741882324,16
0.00146293640136719,16
0.00161600112915039,16
0.00146102905273438,16
0.00155997276306152,16
0.00145292282104492,16
0.00155019760131836,16
0.00114607810974121,16
0.00109577178955078,16
0.00113606452941895,16
0.00116801261901855,16
0.00111484527587891,16
0.00116896629333496,16
0.00122690200805664,16
0.00122690200805664,16
0.00119900703430176,16
0.00120282173156738,16
0.00125908851623535,16
0.00120782852172852,16
0.00120019912719727,16
0.00113606452941895,16
0.00111794471740723,16
0.00112390518188477,16
0.0011599063873291,16
0.00111603736877441,16
0.0012211799621582,16
0.0011451244354248,16
0.00129008293151855,432
0.00129294395446777,432
0.00133395195007324,432
0.00126099586486816,432
0.00129199028015137,432
0.0012810230255127,432
0.00127911567687988,432
0.00126099586486816,432
0.00126910209655762,432
0.00126910209655762,432
0.00166082382202148,16
0.00173807144165039,11664
0.0015709400177002,16
0.00176596641540527,11664
0.00161099433898926,11664
0.00150799751281738,16
0.00165009498596191,11664
0.00166916847229004,11664
0.00152206420898438,16
0.00163102149963379,11664
0.00192499160766602,256
0.0018768310546875,256
0.00199007987976074,256
0.00191497802734375,256
0.00196695327758789,256
0.0019538402557373,256
0.00197100639343262,256
0.0020289421081543,256
0.00207996368408203,256
0.00203394889831543,256
0.000841856002807617,1
0.000805854797363281,1
0.000790119171142578,1
0.000808954238891602,1
0.000791072845458984,1
0.00082707405090332,1
0.000777006149291992,1
0.000818014144897461,1
0.000777006149291992,1
0.000831127166748047,1
0.000867843627929688,1
0.000906944274902344,1
0.000850200653076172,1
0.000854969024658203,1
0.000868082046508789,1
0.000837087631225586,1
0.000904083251953125,1
0.000864028930664062,1
0.000885963439941406,1
0.000856876373291016,1
0.00102400779724121,1
0.00104308128356934,1
0.00113511085510254,1
0.00108695030212402,1
0.00109601020812988,1
0.0010838508605957,1
0.00109195709228516,1
0.00116991996765137,1
0.00108599662780762,1
0.00107789039611816,1
0.000831842422485352,1
0.000889778137207031,1
0.000782966613769531,1
0.000789165496826172,1
0.000833988189697266,1
0.000807046890258789,1
0.000756025314331055,1
0.000770092010498047,1
0.000778913497924805,1
0.000813007354736328,1
0.000759124755859375,16
0.000749111175537109,16
0.00070500373840332,16
0.000746965408325195,16
0.000721931457519531,16
0.00073695182800293,16
0.000702142715454102,16
0.000731945037841797,16
0.000715970993041992,16
0.000762939453125,16
0.00192594528198242,16
0.00197911262512207,16
0.00196695327758789,16
0.00196409225463867,16
0.0019679069519043,16
0.00199723243713379,16
0.0020601749420166,16
0.0020899772644043,16
0.00202703475952148,16
0.00191688537597656,16
0.00348210334777832,65536
0.00336408615112305,65536
0.0033869743347168,65536
0.00336503982543945,65536
0.00327396392822266,65536
0.00330114364624023,65536
0.00333499908447266,65536
0.00353097915649414,65536
0.0033869743347168,65536
0.00334286689758301,65536
0.0014350414276123,4
0.00152993202209473,4
0.00165891647338867,4
0.00166797637939453,4
0.00165390968322754,4
0.00165200233459473,4
0.00165104866027832,4
0.00162792205810547,4
0.00166082382202148,4
0.00163698196411133,4
0.000915050506591797,1
0.000978946685791016,1
0.000944137573242188,1
0.000940084457397461,1
0.000962972640991211,1
0.00092005729675293,1
0.000858068466186523,1
0.000792980194091797,1
0.000823974609375,1
0.000830173492431641,1
0.000837087631225586,1
0.000875949859619141,1
0.000869989395141602,1
0.000861883163452148,1
0.000826120376586914,1
0.000828981399536133,1
0.000879049301147461,1
0.000844001770019531,1
0.000833988189697266,1
0.000828027725219727,1
0.0014030933380127,4
0.00132489204406738,4
0.00136089324951172,4
0.00133991241455078,4
0.00134491920471191,4
0.0013420581817627,4
0.00141286849975586,4
0.00130987167358398,4
0.00137686729431152,4
0.00133895874023438,4
0.00204610824584961,4096
0.00214004516601562,4096
0.00211501121520996,4096
0.00198197364807129,4096
0.00197482109069824,4096
0.00198698043823242,4096
0.00199389457702637,4096
0.00197196006774902,4096
0.0019528865814209,4096
0.00198793411254883,4096
0.00166893005371094,16
0.00171899795532227,16
0.00172901153564453,16
0.00171589851379395,16
0.00171995162963867,16
0.00173187255859375,16
0.00178790092468262,16
0.00191283226013184,16
0.00175809860229492,16
0.00178217887878418,16
0.00162100791931152,16
0.00161910057067871,16
0.00163698196411133,16
0.00166106224060059,16
0.00164413452148438,16
0.00160408020019531,16
0.0016329288482666,16
0.00166583061218262,16
0.00161504745483398,16
0.00163483619689941,16
0.000797033309936523,1
0.000794887542724609,1
0.00079798698425293,1
0.000779151916503906,1
0.000797033309936523,1
0.00080108642578125,1
0.000813007354736328,1
0.000829935073852539,1
0.000779867172241211,1
0.000934123992919922,1
0.00107789039611816,1
0.00105118751525879,1
0.00100302696228027,1
0.00100994110107422,1
0.00102710723876953,1
0.00100207328796387,1
0.00106382369995117,1
0.00106096267700195,1
0.00101304054260254,1
0.0010218620300293,1
0.0029911994934082,64
0.00327110290527344,64
0.00320792198181152,64
0.00328993797302246,64
0.00322079658508301,64
0.00318408012390137,64
0.00330305099487305,64
0.00319504737854004,64
0.00322294235229492,64
0.00270414352416992,64
0.00244617462158203,1728
0.00240397453308105,1728
0.00246500968933105,1728
0.00236082077026367,1728
0.00241899490356445,1728
0.0023808479309082,1728
0.00242400169372559,1728
0.00254392623901367,1728
0.00256991386413574,1728
0.0024409294128418,1728
0.0025029182434082,64
0.00247907638549805,64
0.00254201889038086,64
0.00242400169372559,64
0.00251007080078125,64
0.00246810913085938,64
0.00250482559204102,64
0.00246310234069824,64
0.00249814987182617,64
0.00251412391662598,64
0.00232195854187012,256
0.00232601165771484,256
0.00222682952880859,256
0.00227594375610352,256
0.00229382514953613,256
0.00217604637145996,256
0.00219106674194336,256
0.00221490859985352,256
0.00221490859985352,256
0.00217485427856445,256
0.00240302085876465,64
0.00243091583251953,64
0.00242400169372559,64
0.00259900093078613,64
0.00242495536804199,64
0.00243091583251953,64
0.00260090827941895,64
0.00242400169372559,64
0.00235199928283691,64
0.0024261474609375,64
0.00239300727844238,256
0.00234293937683105,256
0.00231313705444336,256
0.0023341178894043,256
0.00232791900634766,256
0.00240182876586914,256
0.00245380401611328,256
0.00237393379211426,256
0.00241303443908691,256
0.0023500919342041,256
0.002349853515625,256
0.0023040771484375,256
0.00232386589050293,256
0.00235795974731445,256
0.00229001045227051,256
0.00232791900634766,256
0.00234007835388184,256
0.00229310989379883,256
0.00235986709594727,256
0.00247001647949219,256
0.00291705131530762,1024
0.00293207168579102,1024
0.00285506248474121,1024
0.00283908843994141,1024
0.00285696983337402,1024
0.00284910202026367,1024
0.00286293029785156,1024
0.00293397903442383,1024
0.00285220146179199,1024
0.00292396545410156,1024
0.00332999229431152,4
0.00339794158935547,4
0.00317788124084473,4
0.00316715240478516,4
0.00321578979492188,4
0.00328993797302246,4
0.00312995910644531,4
0.00318193435668945,4
0.00320601463317871,4
0.00336194038391113,4
0.00350093841552734,4503599627370496
0.00331997871398926,4503599627370496
0.00334501266479492,4503599627370496
0.00331687927246094,4503599627370496
0.00328302383422852,4503599627370496
0.00331902503967285,4503599627370496
0.00327897071838379,4503599627370496
0.0033271312713623,4503599627370496
0.00357484817504883,4503599627370496
0.00345683097839355,4503599627370496
0.00143885612487793,4
0.00140595436096191,4
0.00142288208007812,4
0.00141811370849609,4
0.00142812728881836,4
0.00139999389648438,4
0.00142908096313477,4
0.00141620635986328,4
0.00141215324401855,4
0.00141716003417969,4
0.00080108642578125,1
0.000782012939453125,1
0.000811100006103516,1
0.000798225402832031,1
0.000780820846557617,1
0.000777959823608398,1
0.000778913497924805,1
0.000781059265136719,1
0.000792980194091797,1
0.000758886337280273,1
0.0013120174407959,4
0.00143814086914062,4
0.0013890266418457,4
0.00139307975769043,4
0.00133109092712402,4
0.00129103660583496,4
0.0013120174407959,4
0.0013580322265625,4
0.00124907493591309,4
0.00138187408447266,4
0.00210404396057129,1
0.00208497047424316,1
0.00208783149719238,1
0.00208497047424316,1
0.00209212303161621,1
0.0020911693572998,1
0.0020899772644043,1
0.00210785865783691,1
0.00222492218017578,1
0.0022430419921875,1
0.00133585929870605,16
0.00134611129760742,16
0.00127506256103516,16
0.00135302543640137,16
0.00131702423095703,16
0.0012660026550293,16
0.0012819766998291,16
0.00134611129760742,16
0.00154995918273926,16
0.00166797637939453,16
0.000768899917602539,1
0.00077509880065918,1
0.00074315071105957,1
0.000819921493530273,1
0.000758171081542969,1
0.000747919082641602,1
0.000730037689208984,1
0.000729084014892578,1
0.000782012939453125,1
0.000787973403930664,1
0.00400996208190918,432
0.0056610107421875,432
0.00288200378417969,432
0.00411701202392578,432
0.00410985946655273,432
0.0029139518737793,432
0.00407791137695312,432
0.0040900707244873,432
0.00290417671203613,432
0.00414514541625977,432
0.00247001647949219,4096
0.00240802764892578,4096
0.00237178802490234,4096
0.00239419937133789,4096
0.00230503082275391,4096
0.0023648738861084,4096
0.00239086151123047,4096
0.00232195854187012,4096
0.00233197212219238,4096
0.00233983993530273,4096
0.00219297409057617,64
0.0022881031036377,64
0.00239396095275879,64
0.00231409072875977,64
0.00228190422058105,64
0.00228691101074219,64
0.00221705436706543,64
0.00331521034240723,64
0.0034019947052002,64
0.00313901901245117,64
0.0006561279296875,1
0.000632047653198242,1
0.000613927841186523,1
0.000636100769042969,1
0.000619173049926758,1
0.000607967376708984,1
0.000643014907836914,1
0.00062108039855957,1
0.000627994537353516,1
0.000627994537353516,1
0.00343513488769531,70368744177664
0.00350689888000488,70368744177664
0.00343608856201172,70368744177664
0.00332403182983398,70368744177664
0.00332283973693848,70368744177664
0.00335907936096191,70368744177664
0.00330805778503418,70368744177664
0.00333404541015625,70368744177664
0.0032811164855957,70368744177664
0.0034329891204834,70368744177664
0.000764131546020508,27
0.000823020935058594,27
0.000782012939453125,27
0.000724077224731445,27
0.000756025314331055,27
0.000705957412719727,27
0.000689983367919922,27
0.000695943832397461,27
0.000742197036743164,27
0.000699043273925781,27
0.000787019729614258,4
0.000735044479370117,4
0.000793933868408203,4
0.000721931457519531,4
0.000728845596313477,4
0.00079798698425293,4
0.000790119171142578,4
0.000784158706665039,4
0.000730037689208984,4
0.000771999359130859,4
0.00162911415100098,64
0.00169992446899414,64
0.00164890289306641,64
0.00163698196411133,64
0.00164508819580078,64
0.00163817405700684,64
0.00160813331604004,64
0.00167298316955566,64
0.00170111656188965,64
0.00182604789733887,64
0.00180888175964355,64
0.00173401832580566,64
0.0016629695892334,64
0.00171208381652832,64
0.00164318084716797,64
0.00173187255859375,64
0.00164699554443359,64
0.00162291526794434,64
0.00164008140563965,64
0.0016629695892334,64
0.000931024551391602,4
0.000923871994018555,4
0.000931978225708008,4
0.000953912734985352,4
0.000939130783081055,4
0.000955104827880859,4
0.00094294548034668,4
0.00100302696228027,4
0.00100302696228027,4
0.000973939895629883,4
0.000805854797363281,4
0.000851154327392578,4
0.000830888748168945,4
0.000857830047607422,4
0.000869035720825195,4
0.000768184661865234,4
0.000761032104492188,4
0.000745058059692383,4
0.000761985778808594,4
0.000781059265136719,4
0.00125813484191895,1
0.00122714042663574,1
0.00121593475341797,1
0.00132513046264648,1
0.00122404098510742,1
0.00122284889221191,1
0.00128078460693359,1
0.00123500823974609,1
0.00121903419494629,1
0.0012209415435791,1
0.00154685974121094,1
0.00148987770080566,1
0.00159311294555664,1
0.00155401229858398,1
0.00152802467346191,1
0.00153303146362305,1
0.00158500671386719,1
0.00171804428100586,1
0.00166511535644531,1
0.00154495239257812,1
0.00161099433898926,1
0.00159001350402832,1
0.00167989730834961,1
0.00160002708435059,1
0.00156784057617188,1
0.00162911415100098,1
0.00158500671386719,1
0.00156807899475098,1
0.00161099433898926,1
0.00155496597290039,1
0.00138592720031738,1
0.00121808052062988,1
0.00125718116760254,1
0.00121879577636719,1
0.00134491920471191,1
0.00124096870422363,1
0.00135111808776855,1
0.00142002105712891,1
0.00133609771728516,1
0.00134587287902832,1
0.00138592720031738,4
0.00140500068664551,4
0.00147008895874023,4
0.00139713287353516,4
0.00139999389648438,4
0.00139188766479492,4
0.00144004821777344,4
0.00138092041015625,4
0.00139689445495605,4
0.00140786170959473,4
0.00188302993774414,64
0.00188016891479492,64
0.00188302993774414,64
0.00187182426452637,64
0.00183606147766113,64
0.00195407867431641,64
0.00202202796936035,64
0.00199294090270996,64
0.00195693969726562,64
0.00195407867431641,64
0.00276589393615723,4096
0.00276303291320801,4096
0.00276803970336914,4096
0.00272393226623535,4096
0.00274205207824707,4096
0.00273418426513672,4096
0.00277113914489746,4096
0.0027320384979248,4096
0.00295686721801758,4096
0.00285696983337402,4096
0.00328588485717773,4096
0.00320887565612793,4096
0.00319695472717285,4096
0.00316500663757324,4096
0.00313711166381836,4096
0.00312399864196777,4096
0.00309896469116211,4096
0.0031898021697998,4096
0.00324201583862305,4096
0.00322389602661133,4096
0.00106215476989746,1
0.000976800918579102,1
0.00100016593933105,1
0.000999212265014648,1
0.000985860824584961,1
0.000990867614746094,1
0.000989198684692383,1
0.000988006591796875,1
0.000981807708740234,1
0.000996112823486328,1
0.000803947448730469,1
0.000833988189697266,1
0.00078892707824707,1
0.000802040100097656,1
0.000813007354736328,1
0.00078892707824707,1
0.000821113586425781,1
0.000807046890258789,1
0.000793933868408203,1
0.000804901123046875,1
0.00124001502990723,1
0.00138306617736816,1
0.00136303901672363,1
0.00138688087463379,1
0.00143289566040039,1
0.00138092041015625,1
0.00138998031616211,1
0.00142693519592285,1
0.00138187408447266,1
0.00130701065063477,1
0.00201296806335449,1
0.00201582908630371,1
0.00201988220214844,1
0.00202679634094238,1
0.00201916694641113,1
0.00201010704040527,1
0.00202703475952148,1
0.00202584266662598,1
0.00205087661743164,1
0.00201296806335449,1
0.00186419486999512,16
0.00194501876831055,16
0.00189304351806641,16
0.00190186500549316,16
0.00183486938476562,16
0.00183606147766113,16
0.00182914733886719,16
0.00184202194213867,16
0.00176906585693359,16
0.00182008743286133,16
0.00164484977722168,64
0.00160098075866699,64
0.0016021728515625,64
0.00159978866577148,64
0.00162601470947266,64
0.00162792205810547,64
0.00158500671386719,64
0.00159597396850586,64
0.00169706344604492,64
0.00174403190612793,64
0.00386404991149902,27
0.00382494926452637,27
0.00380396842956543,27
0.00382685661315918,27
0.00367498397827148,27
0.00373482704162598,27
0.00377702713012695,27
0.00381302833557129,27
0.00391507148742676,27
0.00375580787658691,27
0.000804901123046875,1
0.000815153121948242,1
0.000774145126342773,1
0.000802040100097656,1
0.000785112380981445,1
0.00101995468139648,1
0.000976800918579102,1
0.000998973846435547,1
0.000993013381958008,1
0.000981807708740234,1
0.0023810863494873,16
0.00240111351013184,16
0.00239109992980957,16
0.00238394737243652,16
0.00239396095275879,16
0.00244593620300293,16
0.00226402282714844,16
0.00195503234863281,16
0.00188708305358887,16
0.00191497802734375,16
0.00218796730041504,256
0.00221705436706543,256
0.00220990180969238,256
0.00220608711242676,256
0.00220584869384766,256
0.00225496292114258,256
0.00218796730041504,256
0.00220084190368652,256
0.00228404998779297,256
0.00238990783691406,256
0.000892877578735352,16
0.000816106796264648,16
0.000818014144897461,16
0.000831842422485352,16
0.000763893127441406,16
0.000865936279296875,16
0.000777959823608398,16
0.000805854797363281,16
0.000815868377685547,16
0.000812053680419922,16
0.00134897232055664,1
0.0014650821685791,1
0.00160503387451172,1
0.00159215927124023,1
0.00163698196411133,1
0.00162696838378906,1
0.00159716606140137,1
0.00169706344604492,1
0.00167298316955566,1
0.00168108940124512,1
0.00231790542602539,256
0.00234508514404297,256
0.00229692459106445,256
0.00181794166564941,256
0.00177097320556641,256
0.00181484222412109,256
0.00184106826782227,256
0.00181078910827637,256
0.00178313255310059,256
0.00182008743286133,256
0.00112605094909668,64
0.00121688842773438,64
0.00118184089660645,64
0.00115203857421875,64
0.00115299224853516,64
0.00113797187805176,64
0.0011749267578125,64
0.00127100944519043,64
0.00112485885620117,64
0.00115108489990234,64
0.00100803375244141,4
0.0010840892791748,4
0.00102615356445312,4
0.00102901458740234,4
0.000997066497802734,4
0.000985145568847656,4
0.000976800918579102,4
0.00097203254699707,4
0.000972986221313477,4
0.000962972640991211,4
0.00168299674987793,432
0.00174403190612793,432
0.00202298164367676,432
0.00214290618896484,432
0.00216484069824219,432
0.00218105316162109,432
0.00214695930480957,432
0.00219011306762695,432
0.0021510124206543,432
0.00216102600097656,432
0.00229310989379883,256
0.00227189064025879,256
0.00184798240661621,256
0.00172305107116699,256
0.00178313255310059,256
0.00181388854980469,256
0.00192999839782715,256
0.0022578239440918,256
0.0022740364074707,256
0.00232195854187012,256
0.00119805335998535,16
0.00119709968566895,16
0.00118803977966309,16
0.00120902061462402,16
0.00119590759277344,16
0.00118303298950195,16
0.0011591911315918,16
0.00120711326599121,16
0.00120782852172852,16
0.0013120174407959,16
0.00135111808776855,1
0.00130486488342285,1
0.000982999801635742,1
0.000975131988525391,1
0.000981807708740234,1
0.000977039337158203,1
0.000967025756835938,1
0.000976085662841797,1
0.000977993011474609,1
0.00143814086914062,1
0.00107717514038086,1
0.00110697746276855,1
0.00104999542236328,1
0.00106310844421387,1
0.00107502937316895,1
0.00107288360595703,1
0.00107908248901367,1
0.0011289119720459,1
0.00113797187805176,1
0.0011899471282959,1
0.00127100944519043,4
0.00124001502990723,4
0.00124597549438477,4
0.00129795074462891,4
0.00126910209655762,4
0.00146818161010742,4
0.00151705741882324,4
0.00146007537841797,4
0.00149106979370117,4
0.00146389007568359,4
0.00257205963134766,16
0.00390386581420898,16
0.00407195091247559,16
0.00412106513977051,16
0.00412511825561523,16
0.00408291816711426,16
0.00416684150695801,16
0.00405001640319824,16
0.00242090225219727,16
0.00135922431945801,16
0.000926017761230469,1
0.000936031341552734,1
0.00091099739074707,1
0.00091099739074707,1
0.000921964645385742,1
0.000905990600585938,1
0.000938177108764648,1
0.000921964645385742,1
0.000921964645385742,1
0.000931978225708008,1
0.0010378360748291,4096
0.00104308128356934,4096
0.0010368824005127,4096
0.00101780891418457,4096
0.00103592872619629,4096
0.00101900100708008,4096
0.00104403495788574,4096
0.0010368824005127,4096
0.00109195709228516,4096
0.00115013122558594,4096
0.00226497650146484,256
0.00229191780090332,256
0.00225305557250977,256
0.00215911865234375,256
0.0020759105682373,256
0.00204300880432129,256
0.00203609466552734,256
0.00214099884033203,256
0.00213789939880371,256
0.00204086303710938,256
0.00223302841186523,1024
0.00219106674194336,1024
0.00217604637145996,1024
0.00239896774291992,1024
0.00231695175170898,1024
0.00221490859985352,1024
0.00238990783691406,1024
0.00217294692993164,1024
0.00218486785888672,1024
0.00222396850585938,1024
0.00236392021179199,1024
0.0023500919342041,1024
0.002349853515625,1024
0.00233006477355957,1024
0.00227999687194824,1024
0.00233793258666992,1024
0.00238490104675293,1024
0.00252914428710938,1024
0.00239801406860352,1024
0.00238204002380371,1024
0.00230002403259277,4096
0.00235581398010254,4096
0.00230908393859863,4096
0.0023338794708252,4096
0.00227999687194824,4096
0.00231599807739258,4096
0.00227999687194824,4096
0.0022881031036377,4096
0.00229692459106445,4096
0.00236082077026367,4096
0.0031430721282959,4194304
0.00310397148132324,4194304
0.00309395790100098,4194304
0.00303888320922852,4194304
0.00303316116333008,4194304
0.00308489799499512,4194304
0.00309395790100098,4194304
0.00301504135131836,4194304
0.00306200981140137,4194304
0.00310516357421875,4194304
0.00315499305725098,65536
0.00309514999389648,65536
0.0030369758605957,65536
0.00310182571411133,65536
0.00307798385620117,65536
0.00306987762451172,65536
0.00303006172180176,65536
0.00304913520812988,65536
0.00304818153381348,65536
0.00312113761901855,65536
0.00113987922668457,4
0.0010221004486084,4
0.000949859619140625,4
0.00100994110107422,4
0.000931978225708008,4
0.000988960266113281,4
0.000962972640991211,4
0.00100111961364746,4
0.000936985015869141,4
0.000956058502197266,4
0.00155878067016602,4
0.00160503387451172,4
0.0016179084777832,4
0.00154614448547363,4
0.00159716606140137,4
0.00157403945922852,4
0.00160908699035645,4
0.00160503387451172,4
0.00155997276306152,4
0.00158214569091797,4
0.000961065292358398,1
0.000964879989624023,1
0.00108003616333008,1
0.00107908248901367,1
0.00102806091308594,1
0.00106000900268555,1
0.00101089477539062,1
0.00101304054260254,1
0.000988960266113281,1
0.000998973846435547,1
0.00221586227416992,1024
0.00220608711242676,1024
0.00222516059875488,1024
0.00220298767089844,1024
0.00220012664794922,1024
0.00220298767089844,1024
0.00222015380859375,1024
0.00220298767089844,1024
0.00218796730041504,1024
0.00221395492553711,1024
0.0014641284942627,16
0.00138497352600098,16
0.00136017799377441,16
0.00138378143310547,16
0.00130796432495117,16
0.00131702423095703,16
0.00124597549438477,16
0.00129318237304688,16
0.00133013725280762,16
0.00126409530639648,16
0.00094294548034668,1
0.000923871994018555,1
0.000933170318603516,1
0.000927209854125977,1
0.000932931900024414,1
0.000931978225708008,1
0.000921964645385742,1
0.000925779342651367,1
0.000977993011474609,1
0.000931978225708008,1
0.00171995162963867,4
0.00170111656188965,4
0.00171804428100586,4
0.00168681144714355,4
0.00174307823181152,4
0.00195002555847168,4
0.00192785263061523,4
0.00177597999572754,4
0.00169682502746582,4
0.00175309181213379,4
0.00120401382446289,1024
0.00120711326599121,1024
0.00117588043212891,1024
0.00117897987365723,1024
0.00117993354797363,1024
0.00117206573486328,1024
0.00126504898071289,1024
0.00115299224853516,1024
0.00116991996765137,1024
0.00118803977966309,1024
0.00151515007019043,1
0.00142908096313477,1
0.00145697593688965,1
0.00142693519592285,1
0.00147104263305664,1
0.0014488697052002,1
0.00162386894226074,1
0.00157999992370605,1
0.00155210494995117,1
0.00149011611938477,1
0.00140500068664551,1
0.00140714645385742,1
0.00145101547241211,1
0.00139498710632324,1
0.00142717361450195,1
0.00137495994567871,1
0.00141406059265137,1
0.00141382217407227,1
0.0014040470123291,1
0.00142097473144531,1
0.002349853515625,65536
0.00242495536804199,65536
0.0024111270904541,65536
0.00250792503356934,65536
0.00258803367614746,65536
0.00258708000183105,65536
0.00245189666748047,65536
0.00243687629699707,65536
0.00237703323364258,65536
0.00278782844543457,65536
0.00092315673828125,1
0.000932216644287109,1
0.000913858413696289,1
0.000923871994018555,1
0.000919103622436523,1
0.000925064086914062,1
0.00091099739074707,1
0.000921964645385742,1
0.000926971435546875,1
0.000927209854125977,1
0.000836849212646484,1
0.000823020935058594,1
0.000796079635620117,1
0.000814914703369141,1
0.000802040100097656,1
0.00082087516784668,1
0.000796079635620117,1
0.000895023345947266,1
0.000832796096801758,1
0.000869035720825195,1
0.00075078010559082,1
0.00067591667175293,1
0.000678062438964844,1
0.000660896301269531,1
0.000663042068481445,1
0.000603914260864258,1
0.000654935836791992,1
0.00062108039855957,1
0.000670909881591797,1
0.00065302848815918,1
0.00241899490356445,256
0.00246691703796387,256
0.00216197967529297,256
0.00241398811340332,256
0.00218892097473145,256
0.00247788429260254,256
0.00243401527404785,256
0.00246596336364746,256
0.00247097015380859,256
0.00267219543457031,256
0.000839948654174805,1
0.000806093215942383,1
0.000809907913208008,1
0.000838041305541992,1
0.00076603889465332,1
0.00079798698425293,1
0.000787019729614258,1
0.000816822052001953,1
0.000777959823608398,1
0.000806093215942383,1
0.00105595588684082,1
0.00142717361450195,1
0.00135993957519531,1
0.00138401985168457,1
0.0013740062713623,1
0.00135612487792969,1
0.00143694877624512,1
0.00139784812927246,1
0.00140380859375,1
0.00136303901672363,1
0.000912189483642578,1
0.00091099739074707,1
0.000909090042114258,1
0.000912904739379883,1
0.000915050506591797,1
0.000908136367797852,1
0.000941038131713867,1
0.00106000900268555,1
0.000721931457519531,1
0.000791072845458984,1
