0.0169980525970459
0.0165231227874756
0.0170700550079346
0.0167160034179688
0.0170800685882568
0.0169110298156738
0.0169930458068848
0.0168218612670898
0.0168938636779785
0.0170049667358398
0.0162808895111084
0.0174019336700439
0.016106128692627
0.0163428783416748
0.0164661407470703
0.0167880058288574
0.0170328617095947
0.0166280269622803
0.0168600082397461
0.0165138244628906
0.0167529582977295
0.015779972076416
0.0165050029754639
0.0156888961791992
0.016057014465332
0.0155570507049561
0.0159759521484375
0.0155849456787109
0.0158541202545166
0.0155620574951172
0.0165998935699463
0.0160670280456543
0.0168600082397461
0.0163631439208984
0.0167670249938965
0.0164670944213867
0.0166680812835693
0.0165069103240967
0.0165138244628906
0.016801118850708
0.0162079334259033
0.0164821147918701
0.0158958435058594
0.0165591239929199
0.0165338516235352
0.0162808895111084
0.0158488750457764
0.0163981914520264
0.0190069675445557
0.0163149833679199
0.0167670249938965
0.0165669918060303
0.0166831016540527
0.0163989067077637
0.0165450572967529
0.0163280963897705
0.0165030956268311
0.0163781642913818
0.0165438652038574
0.0164899826049805
0.0173110961914062
0.0171940326690674
0.0170590877532959
0.0170738697052002
0.016901969909668
0.0170040130615234
0.0169281959533691
0.017064094543457
0.0174210071563721
0.0176348686218262
0.0171008110046387
0.016991138458252
0.0170068740844727
0.0167360305786133
0.0168869495391846
0.0167191028594971
0.0168800354003906
0.0167601108551025
0.0169689655303955
0.0169670581817627
0.017240047454834
0.0171518325805664
0.0169870853424072
0.0170559883117676
0.0168828964233398
0.0170559883117676
0.0170190334320068
0.0172548294067383
0.0170469284057617
0.0174610614776611
0.016416072845459
0.0163891315460205
0.0161571502685547
0.0161519050598145
0.0161850452423096
0.0160579681396484
0.0163068771362305
0.0161111354827881
0.0162010192871094
0.0161089897155762
0.0157678127288818
0.0156099796295166
0.0157561302185059
0.0156111717224121
0.0159001350402832
0.0156259536743164
0.0158400535583496
0.0155930519104004
0.0157790184020996
0.0155458450317383
0.016880989074707
0.0168671607971191
0.0171089172363281
0.0171241760253906
0.0168659687042236
0.0169408321380615
0.0168321132659912
0.0169777870178223
0.0169570446014404
0.0171711444854736
0.0167229175567627
0.0171201229095459
0.017024040222168
0.0170509815216064
0.0179769992828369
0.0168390274047852
0.0168941020965576
0.0167229175567627
0.0170600414276123
0.0168318748474121
0.0164620876312256
0.016179084777832
0.0165929794311523
0.0164451599121094
0.016434907913208
0.0164551734924316
0.0162220001220703
0.0164690017700195
0.016232967376709
0.0166170597076416
0.015643835067749
0.0158421993255615
0.0157339572906494
0.0158801078796387
0.0157098770141602
0.0158600807189941
0.0156769752502441
0.0158760547637939
0.0157780647277832
0.0159900188446045
0.0161020755767822
0.0165319442749023
0.016204833984375
0.016355037689209
0.0162670612335205
0.016463041305542
0.0163559913635254
0.0174570083618164
0.0163478851318359
0.0161099433898926
0.0171091556549072
0.0170059204101562
0.0171191692352295
0.0169858932495117
0.0172200202941895
0.0170669555664062
0.01739501953125
0.0182681083679199
0.0169990062713623
0.0171971321105957
0.0168581008911133
0.0169970989227295
0.0168309211730957
0.0169777870178223
0.0168211460113525
0.0170829296112061
0.0170879364013672
0.0168719291687012
0.0174620151519775
0.0168149471282959
0.0170159339904785
0.0169401168823242
0.0170488357543945
0.0169060230255127
0.017387866973877
0.0171289443969727
0.0169150829315186
0.0171499252319336
0.0169880390167236
0.0171020030975342
0.0174531936645508
0.017611026763916
0.0174658298492432
0.0178630352020264
0.0177569389343262
0.0174698829650879
0.0176539421081543
0.0174920558929443
0.0177690982818604
0.0175168514251709
0.017920970916748
0.0178310871124268
0.0175421237945557
0.0176999568939209
0.0175809860229492
0.0177419185638428
0.017589807510376
0.0179212093353271
0.0177690982818604
0.0175209045410156
0.0162229537963867
0.0160050392150879
0.0163218975067139
0.0160009860992432
0.016185998916626
0.0160160064697266
0.0161850452423096
0.0160689353942871
0.016132116317749
0.0160048007965088
0.0163757801055908
0.0163230895996094
0.0166201591491699
0.0164971351623535
0.0164868831634521
0.0169289112091064
0.0162529945373535
0.0162558555603027
0.0162010192871094
0.0164010524749756
0.0165059566497803
0.0165450572967529
0.0164270401000977
0.0166158676147461
0.0164229869842529
0.0165719985961914
0.0164239406585693
0.0166540145874023
0.0168230533599854
0.0165848731994629
0.0162038803100586
0.0156600475311279
0.0159142017364502
0.0158119201660156
0.0157909393310547
0.0158500671386719
0.015859842300415
0.0156641006469727
0.0158829689025879
0.0157849788665771
0.0158991813659668
0.0157289505004883
0.0159149169921875
0.0157511234283447
0.0158970355987549
0.0157451629638672
0.015981912612915
0.01578688621521
0.0158960819244385
0.0159509181976318
0.0159449577331543
0.0157351493835449
0.0159149169921875
0.0156769752502441
0.0160751342773438
0.0159401893615723
0.0162038803100586
0.0159170627593994
0.0161030292510986
0.0160830020904541
0.0170471668243408
0.016974925994873
0.0169141292572021
0.0169570446014404
0.0169000625610352
0.0170009136199951
0.0168559551239014
0.0170221328735352
0.0169150829315186
0.0171349048614502
0.0161459445953369
0.0158731937408447
0.0159289836883545
0.0158369541168213
0.0158851146697998
0.0158419609069824
0.0159070491790771
0.0158538818359375
0.0158228874206543
0.0158979892730713
0.0159969329833984
0.0158491134643555
0.0159900188446045
0.015920877456665
0.0160689353942871
0.0159220695495605
0.0160219669342041
0.0159180164337158
0.0160441398620605
0.015949010848999
0.0163600444793701
0.0161631107330322
0.0164840221405029
0.0169148445129395
0.0165688991546631
0.0163540840148926
0.0162630081176758
0.0162718296051025
0.0162258148193359
0.0163660049438477
0.0162341594696045
0.0165269374847412
0.0166130065917969
0.0169291496276855
0.0163290500640869
0.0164930820465088
0.0163371562957764
0.0165958404541016
0.0164198875427246
0.0164968967437744
0.0166089534759521
0.0162091255187988
0.0163059234619141
0.0162651538848877
0.0162651538848877
0.016165018081665
0.0162489414215088
0.0161919593811035
0.016226053237915
0.0161020755767822
0.0165541172027588
0.0163347721099854
0.0165500640869141
0.0163528919219971
0.0166981220245361
0.0170321464538574
0.0163769721984863
0.0164618492126465
0.0163300037384033
0.0165071487426758
0.0165209770202637
0.0165848731994629
0.0164530277252197
0.0166430473327637
0.0164530277252197
0.0166110992431641
0.0165472030639648
0.016869068145752
0.0167648792266846
0.0165910720825195
0.0161559581756592
0.0160179138183594
0.016167163848877
0.0160131454467773
0.0161771774291992
0.0160279273986816
0.0161559581756592
0.0160200595855713
0.0160942077636719
0.0160000324249268
0.0163009166717529
0.01609206199646
0.016185998916626
0.0160069465637207
0.0162019729614258
0.0160458087921143
0.0162980556488037
0.0161199569702148
0.0164840221405029
0.0164470672607422
0.0159580707550049
0.0161731243133545
0.0159258842468262
0.015923023223877
0.0158960819244385
0.0159599781036377
0.0158290863037109
0.0159900188446045
0.0158112049102783
0.0159730911254883
0.0165770053863525
0.0166559219360352
0.0167269706726074
0.0166621208190918
0.0165719985961914
0.0168018341064453
0.0166449546813965
0.0169060230255127
0.0168349742889404
0.0167229175567627
0.0169100761413574
0.0167069435119629
0.0167388916015625
0.0166261196136475
0.0167748928070068
0.0166270732879639
0.0167920589447021
0.0166339874267578
0.016930103302002
0.01680588722229
0.0158140659332275
0.0157539844512939
0.0157029628753662
0.0159330368041992
0.0157389640808105
0.0158300399780273
0.0157239437103271
0.0157699584960938
0.0157520771026611
0.0158131122589111
0.0162370204925537
0.0165128707885742
0.0163102149963379
0.0163729190826416
0.0163359642028809
0.0164060592651367
0.0162351131439209
0.0164690017700195
0.0163218975067139
0.0166020393371582
0.0163240432739258
0.0163819789886475
0.0163991451263428
0.0162079334259033
0.01627516746521
0.0160880088806152
0.0162820816040039
0.016103982925415
0.0162348747253418
0.0160489082336426
0.0163519382476807
0.0162200927734375
0.0163438320159912
0.0161631107330322
0.0163810253143311
0.016171932220459
0.016402006149292
0.0161268711090088
0.0165760517120361
0.0163919925689697
0.0161581039428711
0.0161831378936768
0.0159440040588379
0.0162138938903809
0.0158979892730713
0.0159788131713867
0.0159289836883545
0.0160038471221924
0.0158970355987549
0.015984058380127
0.0161740779876709
0.0163469314575195
0.01609206199646
0.0163140296936035
0.016085147857666
0.0162389278411865
0.0161359310150146
0.0163321495056152
0.0161309242248535
0.0165529251098633
0.0165989398956299
0.0159590244293213
0.0166449546813965
0.0158090591430664
0.0157790184020996
0.0157279968261719
0.016294002532959
0.015765905380249
0.015841007232666
0.0158720016479492
0.0168290138244629
0.0166809558868408
0.0169239044189453
0.0166730880737305
0.0168890953063965
0.0167660713195801
0.0169241428375244
0.0168638229370117
0.017071008682251
0.0169789791107178
0.0159561634063721
0.0159189701080322
0.015887975692749
0.0159389972686768
0.0158228874206543
0.0159511566162109
0.01578688621521
0.0159399509429932
0.0158100128173828
0.0158810615539551
0.016326904296875
0.016387939453125
0.0162179470062256
0.0164139270782471
0.0162971019744873
0.0164530277252197
0.0162761211395264
0.0171029567718506
0.0165679454803467
0.0165789127349854
0.016308069229126
0.0160670280456543
0.0161581039428711
0.0159728527069092
0.0163860321044922
0.0160958766937256
0.0161600112915039
0.0160040855407715
0.0161399841308594
0.0160109996795654
0.0159459114074707
0.0157589912414551
0.0159170627593994
0.0157060623168945
0.0158720016479492
0.0157680511474609
0.0162780284881592
0.0157098770141602
0.0159740447998047
0.01590895652771
0.0161571502685547
0.0160479545593262
0.0159668922424316
0.0166151523590088
0.0158371925354004
0.0159540176391602
0.0158569812774658
0.015955924987793
0.015855073928833
0.0158340930938721
0.0156140327453613
0.0157248973846436
0.0155899524688721
0.0156669616699219
0.0157139301300049
0.0157511234283447
0.0156891345977783
0.0157511234283447
0.0156669616699219
0.0158021450042725
0.0163648128509521
0.0165419578552246
0.0163869857788086
0.0166029930114746
0.0163300037384033
0.0166530609130859
0.0164480209350586
0.016834020614624
0.0167009830474854
0.0164380073547363
0.0160350799560547
0.0158319473266602
0.0159261226654053
0.0159289836883545
0.0159468650817871
0.0159091949462891
0.0159788131713867
0.01593017578125
0.015981912612915
0.0158798694610596
0.0165309906005859
0.0164079666137695
0.0166010856628418
0.0164639949798584
0.0165770053863525
0.0164330005645752
0.0170950889587402
0.0167350769042969
0.0165259838104248
0.0166020393371582
0.0158259868621826
0.0159101486206055
0.0158448219299316
0.0159461498260498
0.015859842300415
0.016002893447876
0.0159509181976318
0.0159170627593994
0.0158519744873047
0.0159611701965332
0.0160379409790039
0.0162200927734375
0.0160870552062988
0.0162699222564697
0.0160160064697266
0.0164549350738525
0.016334056854248
0.0164420604705811
0.0162930488586426
0.0161998271942139
0.0162019729614258
0.0161161422729492
0.0162320137023926
0.0161159038543701
0.0161948204040527
0.016106128692627
0.0162138938903809
0.0159969329833984
0.0162370204925537
0.0161521434783936
0.0162258148193359
0.0161011219024658
0.0163619518280029
0.016150951385498
0.0162680149078369
0.0162348747253418
0.0165848731994629
0.0163869857788086
0.0163450241088867
0.0164029598236084
0.0158190727233887
0.0159599781036377
0.0158460140228271
0.015923023223877
0.0158848762512207
0.0158519744873047
0.0157909393310547
0.016016960144043
0.0159549713134766
0.0162310600280762
0.0158507823944092
0.0159299373626709
0.015826940536499
0.0159759521484375
0.0157470703125
0.0159659385681152
0.0157470703125
0.0159537792205811
0.0159261226654053
0.0159258842468262
0.016057014465332
0.0162229537963867
0.0161089897155762
0.0163099765777588
0.0163540840148926
0.0162820816040039
0.0165541172027588
0.0161008834838867
0.0162630081176758
0.0160808563232422
0.0160119533538818
0.0160789489746094
0.0159430503845215
0.0157849788665771
0.0159680843353271
0.0158178806304932
0.016042947769165
0.0158679485321045
0.0159978866577148
0.0158250331878662
0.0159659385681152
0.01580810546875
0.0164809226989746
0.0158350467681885
0.0160069465637207
0.0157778263092041
0.0161070823669434
0.0159940719604492
0.0162420272827148
0.0159440040588379
0.0163891315460205
0.0165419578552246
0.0162420272827148
0.0162489414215088
0.0162889957427979
0.0162560939788818
0.016646146774292
0.0162389278411865
0.0161809921264648
0.016334056854248
0.0157239437103271
0.0159001350402832
0.0157680511474609
0.0160360336303711
0.0156810283660889
0.0160760879516602
0.0157070159912109
0.0158910751342773
0.0157279968261719
0.0163071155548096
0.0166330337524414
0.0166239738464355
0.0166940689086914
0.0164921283721924
0.0166151523590088
0.0163760185241699
0.0165810585021973
0.016402006149292
0.0166380405426025
0.0163860321044922
0.0163371562957764
0.0160760879516602
0.016211986541748
0.0161008834838867
0.016232967376709
0.0160529613494873
0.0165140628814697
0.0162529945373535
0.0163438320159912
0.0173850059509277
0.0157768726348877
0.0158159732818604
0.0156130790710449
0.0157129764556885
0.0156650543212891
0.0157520771026611
0.0157580375671387
0.0157849788665771
0.0156559944152832
0.0157151222229004
0.0160400867462158
0.0162010192871094
0.0160458087921143
0.0162289142608643
0.0160849094390869
0.0161519050598145
0.0160608291625977
0.0162150859832764
0.0160951614379883
0.0163280963897705
0.0159859657287598
0.0164809226989746
0.0178120136260986
0.0160799026489258
0.0161609649658203
0.0160729885101318
0.0162198543548584
0.0160579681396484
0.0161380767822266
0.0160470008850098
0.0162010192871094
0.016057014465332
0.016165018081665
0.0160348415374756
0.0161418914794922
0.0159549713134766
0.0161728858947754
0.0160291194915771
0.0161740779876709
0.0159761905670166
0.0164511203765869
0.0161130428314209
0.0163071155548096
0.0163350105285645
0.0162370204925537
0.0162310600280762
0.0160369873046875
0.016143798828125
0.01603102684021
0.0161118507385254
0.0160069465637207
0.0160560607910156
0.016139030456543
0.0161769390106201
0.01596999168396
0.0161459445953369
0.0159339904785156
0.0162720680236816
0.0160629749298096
0.016139030456543
0.0160541534423828
0.0162289142608643
0.0161588191986084
0.0164139270782471
0.0163309574127197
0.0163218975067139
0.0162968635559082
0.0160739421844482
0.0162718296051025
0.0161118507385254
0.0166559219360352
0.0164399147033691
0.0165779590606689
0.0169639587402344
0.0165390968322754
0.0164098739624023
0.0165388584136963
0.0164871215820312
0.0168290138244629
0.0167992115020752
0.0159928798675537
0.0161828994750977
0.0159561634063721
0.0160908699035645
0.0159080028533936
0.0160589218139648
0.0159149169921875
0.0160260200500488
0.0159320831298828
0.0160579681396484
0.015995979309082
0.016226053237915
0.0161311626434326
0.0161709785461426
0.0160889625549316
0.0162310600280762
0.0160229206085205
0.0162029266357422
0.0160210132598877
0.0162508487701416
0.0162620544433594
0.0164320468902588
0.0163779258728027
0.0162289142608643
0.016273021697998
0.0160601139068604
0.0162911415100098
0.016118049621582
0.0163211822509766
0.016077995300293
0.0163979530334473
0.0162069797515869
0.0162789821624756
0.0160510540008545
0.0164799690246582
0.0160801410675049
0.0162739753723145
0.0162858963012695
0.0165019035339355
0.0163459777832031
0.016265869140625
0.0162169933319092
0.0159249305725098
0.0160641670227051
0.0159358978271484
0.0161440372467041
0.016010046005249
0.016118049621582
0.0159780979156494
0.0161938667297363
0.0159227848052979
0.016049861907959
0.0159471035003662
0.0160260200500488
0.015923023223877
0.0160188674926758
0.0159358978271484
0.0160410404205322
0.0159690380096436
0.0160579681396484
0.0159091949462891
0.0162220001220703
0.0161759853363037
0.0163331031799316
0.0162019729614258
0.0165839195251465
0.0161728858947754
0.0159449577331543
0.0160341262817383
0.0160179138183594
0.0160109996795654
0.0158681869506836
0.0160009860992432
0.0159599781036377
0.0161330699920654
0.01593017578125
0.016010046005249
0.0158669948577881
0.0159850120544434
0.0159180164337158
0.0158839225769043
0.0156919956207275
0.0157840251922607
0.0157380104064941
0.0158369541168213
0.0156490802764893
0.01590895652771
0.0156230926513672
0.0161800384521484
0.0158679485321045
0.0163230895996094
0.0161440372467041
0.0163040161132812
0.0164520740509033
0.0160770416259766
0.0162291526794434
0.0162420272827148
0.0162720680236816
0.0161170959472656
0.0162179470062256
0.0159981250762939
0.0162169933319092
0.0161240100860596
0.0161731243133545
0.01596999168396
0.0161309242248535
0.0159299373626709
0.0161850452423096
0.0160379409790039
0.0162029266357422
0.0160179138183594
0.0164909362792969
0.0161910057067871
0.0163090229034424
0.0162630081176758
0.0161690711975098
0.0162780284881592
0.0168220996856689
0.0162580013275146
0.0161259174346924
0.0163309574127197
0.0163919925689697
0.0166361331939697
0.0162899494171143
0.0164680480957031
0.0162160396575928
0.0164768695831299
0.0162949562072754
0.0169270038604736
0.0174300670623779
0.0164139270782471
0.0165941715240479
0.0163478851318359
0.0165479183197021
0.0162649154663086
0.0165529251098633
0.0163500308990479
0.0164649486541748
0.0164861679077148
0.0165739059448242
0.0159311294555664
0.0161139965057373
0.0158760547637939
0.0163609981536865
0.0160470008850098
0.0163679122924805
0.0172162055969238
0.0159389972686768
0.0160360336303711
0.0159261226654053
0.0160651206970215
0.0159180164337158
0.0160830020904541
0.0158979892730713
0.0161588191986084
0.0158870220184326
0.0159981250762939
0.0160079002380371
0.0161268711090088
0.0159120559692383
0.0168170928955078
0.0167121887207031
0.0168399810791016
0.0167880058288574
0.0171399116516113
0.0179629325866699
0.0166969299316406
0.0168600082397461
0.0167539119720459
0.0168449878692627
0.0157690048217773
0.0159859657287598
0.0158209800720215
0.015949010848999
0.0159139633178711
0.0159869194030762
0.015800952911377
0.0162899494171143
0.0160460472106934
0.0161209106445312
0.0161280632019043
0.016273021697998
0.0162830352783203
0.016077995300293
0.0161731243133545
0.0160181522369385
0.0162229537963867
0.01603102684021
0.016165018081665
0.0160598754882812
0.0160939693450928
0.0159261226654053
0.0160679817199707
0.0159239768981934
0.0160191059112549
0.0159111022949219
0.016024112701416
0.0159981250762939
0.0161280632019043
0.0160419940948486
0.0157701969146729
0.0155739784240723
0.015800952911377
0.0155959129333496
0.0157840251922607
0.0156049728393555
0.0160961151123047
0.0156760215759277
0.0159831047058105
0.0160388946533203
0.0158059597015381
0.0158028602600098
0.0158348083496094
0.0158419609069824
0.0158200263977051
0.0158607959747314
0.0156280994415283
0.0157268047332764
0.0156180858612061
0.0158529281616211
0.0156259536743164
0.0157639980316162
0.0156869888305664
0.0158460140228271
0.0157392024993896
0.0158650875091553
0.0156280994415283
0.0157680511474609
0.0156939029693604
0.0159261226654053
0.0159499645233154
0.0161268711090088
0.0159637928009033
0.0161130428314209
0.0159690380096436
0.0161058902740479
0.0159308910369873
0.0160651206970215
0.0160870552062988
0.0162990093231201
0.01603102684021
0.0163328647613525
0.0161960124969482
0.0163130760192871
0.0162868499755859
0.0166230201721191
0.0162980556488037
0.0160489082336426
0.01609206199646
0.016077995300293
0.0158469676971436
0.0158159732818604
0.0158100128173828
0.0155899524688721
0.0157079696655273
0.0156970024108887
0.0157861709594727
0.0155708789825439
0.0157749652862549
0.0157160758972168
0.0160009860992432
0.0157380104064941
0.0159249305725098
0.0157687664031982
0.0158131122589111
0.0157301425933838
0.0158629417419434
0.0158309936523438
0.01590895652771
0.015794038772583
0.016481876373291
0.0162858963012695
0.016395092010498
0.0162630081176758
0.0161340236663818
0.0162081718444824
0.016016960144043
0.0161731243133545
0.0160670280456543
0.0161409378051758
0.01609206199646
0.0162379741668701
0.0162539482116699
0.0163218975067139
0.0161209106445312
0.0163137912750244
0.016042947769165
0.0162351131439209
0.0161070823669434
0.0163569450378418
0.0163750648498535
0.0172119140625
0.017531156539917
0.0165960788726807
0.0164899826049805
0.0164389610290527
0.0164740085601807
0.0162971019744873
0.0164880752563477
0.0163159370422363
0.0163099765777588
0.0161488056182861
0.0165250301361084
0.0162160396575928
0.0164599418640137
0.0163938999176025
0.0164861679077148
0.0163447856903076
0.0162169933319092
0.0162360668182373
0.0158190727233887
0.0159320831298828
0.0158050060272217
0.0160050392150879
0.0157990455627441
0.0160810947418213
0.015812873840332
0.0159671306610107
0.0158281326293945
0.0159749984741211
0.0158669948577881
0.0160930156707764
0.0158660411834717
0.0160260200500488
0.0158519744873047
0.0162220001220703
0.0157978534698486
0.0161268711090088
0.0159270763397217
0.0162780284881592
0.0158271789550781
0.0159881114959717
0.015923023223877
0.0159151554107666
0.0159220695495605
0.0157179832458496
0.0157768726348877
0.0162079334259033
0.0157630443572998
0.0157768726348877
0.0157279968261719
0.0155940055847168
0.0157430171966553
0.0156331062316895
0.0160360336303711
0.0156171321868896
0.0157759189605713
0.0157110691070557
0.0157191753387451
0.0156588554382324
0.0159440040588379
0.0158429145812988
0.0159778594970703
0.0158381462097168
0.0160269737243652
0.0157961845397949
0.0159449577331543
0.0157871246337891
0.0160329341888428
0.015775203704834
0.0161151885986328
0.0159478187561035
0.0161678791046143
0.0159478187561035
0.0161690711975098
0.0160958766937256
0.0162808895111084
0.0162661075592041
0.0163040161132812
0.0163941383361816
0.0168349742889404
0.0168399810791016
0.0167090892791748
0.0169031620025635
0.0168349742889404
0.0168378353118896
0.0167191028594971
0.0168571472167969
0.0167911052703857
0.0170509815216064
0.0164721012115479
0.0162100791931152
0.0165460109710693
0.0162320137023926
0.0164608955383301
0.0166709423065186
0.0164041519165039
0.0161850452423096
0.0164029598236084
0.0162560939788818
0.0162551403045654
0.0160269737243652
0.0166831016540527
0.016247034072876
0.0165369510650635
0.0174310207366943
0.0161488056182861
0.0163609981536865
0.0161309242248535
0.0162889957427979
0.0161900520324707
0.0162899494171143
0.0159921646118164
0.0161130428314209
0.0159258842468262
0.0161750316619873
0.0159351825714111
0.0160789489746094
0.0159201622009277
0.0161309242248535
0.0158958435058594
0.0161261558532715
0.0159180164337158
0.0164000988006592
0.0161290168762207
0.0161001682281494
0.0160729885101318
0.0163359642028809
0.0162060260772705
0.0159101486206055
0.0161020755767822
0.015923023223877
0.0160980224609375
0.0158450603485107
0.0160970687866211
0.0158848762512207
0.0161609649658203
0.0159108638763428
0.016103982925415
0.0159599781036377
0.0160470008850098
0.015977144241333
0.0160839557647705
0.0158929824829102
0.0160541534423828
0.0158441066741943
0.0161380767822266
0.0158588886260986
0.0164361000061035
0.0169990062713623
0.0166008472442627
0.0166819095611572
0.0163919925689697
0.0164699554443359
0.0164358615875244
0.0165379047393799
0.0164480209350586
0.0165319442749023
0.0163631439208984
0.0164661407470703
0.0163750648498535
0.0164837837219238
0.0163109302520752
0.0167899131774902
0.0166289806365967
0.0165610313415527
0.0166821479797363
0.0164520740509033
0.0165050029754639
0.0163249969482422
0.0161271095275879
0.0160841941833496
0.016146183013916
0.016096830368042
0.0164690017700195
0.0160222053527832
0.0163931846618652
0.0161910057067871
0.0165359973907471
0.0161740779876709
0.0161240100860596
0.0161881446838379
0.0158309936523438
0.0160419940948486
0.0159661769866943
0.0158958435058594
0.0158967971801758
0.0159549713134766
0.0159380435943604
0.015988826751709
0.0164158344268799
0.0166480541229248
0.0164039134979248
0.0166139602661133
0.0164458751678467
0.0166211128234863
0.016463041305542
0.0168790817260742
0.0166618824005127
0.0168061256408691
0.0161120891571045
0.0159449577331543
0.0160441398620605
0.0158789157867432
0.0159399509429932
0.0158600807189941
0.0160000324249268
0.0158829689025879
0.0159399509429932
0.0158557891845703
0.0159351825714111
0.0158660411834717
0.0160000324249268
0.0157651901245117
0.0159721374511719
0.0158169269561768
0.0160160064697266
0.0157871246337891
0.0159389972686768
0.0157420635223389
0.0163459777832031
0.0161151885986328
0.0163631439208984
0.0161700248718262
0.0166189670562744
0.0164008140563965
0.016416072845459
0.0164179801940918
0.0162570476531982
0.0162708759307861
0.0158531665802002
0.0158350467681885
0.0157070159912109
0.0158040523529053
0.0156559944152832
0.015855073928833
0.0157220363616943
0.0157248973846436
0.015629768371582
0.0160729885101318
0.0158100128173828
0.0160539150238037
0.0157859325408936
0.0160119533538818
0.0158572196960449
0.0159811973571777
0.0158319473266602
0.0159509181976318
0.015779972076416
0.016057014465332
0.0157148838043213
0.0158340930938721
0.0156278610229492
0.016085147857666
0.0159139633178711
0.0160350799560547
0.0158820152282715
0.0160298347473145
0.0159800052642822
0.0160620212554932
0.0166199207305908
0.0164139270782471
0.0165071487426758
0.0163629055023193
0.0165271759033203
0.0163841247558594
0.0164599418640137
0.0163071155548096
0.0164890289306641
0.0162980556488037
0.0158219337463379
0.0156939029693604
0.0158789157867432
0.0156450271606445
0.0161089897155762
0.0157990455627441
0.0159969329833984
0.015841007232666
0.0159900188446045
0.0160229206085205
0.016887903213501
0.0168781280517578
0.016740083694458
0.0167670249938965
0.0165491104125977
0.0167281627655029
0.0166029930114746
0.0167839527130127
0.0165629386901855
0.0167808532714844
0.0164041519165039
0.0163688659667969
0.0170440673828125
0.0160930156707764
0.0163431167602539
0.0160989761352539
0.0162179470062256
0.0161149501800537
0.0162718296051025
0.0161731243133545
0.0169389247894287
0.0166890621185303
0.0168559551239014
0.0166580677032471
0.0168631076812744
0.0167229175567627
0.016963005065918
0.0179359912872314
0.0167257785797119
0.0167760848999023
0.0158340930938721
0.0159649848937988
0.0158200263977051
0.015955924987793
0.0158798694610596
0.0160460472106934
0.0158579349517822
0.0160329341888428
0.0158228874206543
0.0159759521484375
0.0155830383300781
0.0158228874206543
0.0155768394470215
0.0158870220184326
0.0155980587005615
0.0159091949462891
0.0156989097595215
0.0161070823669434
0.0157599449157715
0.0160079002380371
0.016416072845459
0.0164260864257812
0.0164260864257812
0.0163240432739258
0.0162720680236816
0.0161950588226318
0.0164279937744141
0.0161199569702148
0.0162298679351807
0.0162160396575928
0.0167510509490967
0.0165400505065918
0.0166099071502686
0.0164928436279297
0.0166358947753906
0.0165860652923584
0.0168559551239014
0.0167181491851807
0.0165081024169922
0.0166749954223633
0.0156421661376953
0.0157928466796875
0.0156078338623047
0.0157439708709717
0.0156102180480957
0.0156998634338379
0.0156488418579102
0.0157301425933838
0.0155658721923828
0.0157849788665771
0.01590895652771
0.0159969329833984
0.0159878730773926
0.0160601139068604
0.015894889831543
0.0159778594970703
0.015812873840332
0.0159709453582764
0.015765905380249
0.0160031318664551
0.0158920288085938
0.0161540508270264
0.0159850120544434
0.0165319442749023
0.0162389278411865
0.0161828994750977
0.0169811248779297
0.0160300731658936
0.0161252021789551
0.0159809589385986
0.015949010848999
0.0157520771026611
0.0159590244293213
0.0158319473266602
0.0159549713134766
0.0157439708709717
0.0159399509429932
0.01580810546875
0.0159411430358887
0.0157527923583984
0.016901969909668
0.0167820453643799
0.0170650482177734
0.0169479846954346
0.0171549320220947
0.0171229839324951
0.0168089866638184
0.0169310569763184
0.0168619155883789
0.0168371200561523
0.0162570476531982
0.0164830684661865
0.0162959098815918
0.0164659023284912
0.0162451267242432
0.0165529251098633
0.0165600776672363
0.0163929462432861
0.0167429447174072
0.016294002532959
0.0162301063537598
0.0160079002380371
0.0163390636444092
0.01621413230896
0.0162580013275146
0.0160460472106934
0.0162699222564697
0.0160820484161377
0.0161888599395752
0.0160970687866211
0.0165541172027588
0.0165441036224365
0.0166311264038086
0.0168910026550293
0.0164299011230469
0.0166099071502686
0.0163838863372803
0.0166399478912354
0.0164530277252197
0.0165479183197021
0.0165300369262695
0.0166909694671631
0.0165221691131592
0.0166969299316406
0.0165789127349854
0.0169088840484619
0.0168118476867676
0.0164849758148193
0.0166029930114746
0.016542911529541
0.0170848369598389
0.0169270038604736
0.0174791812896729
0.017056941986084
0.017117977142334
0.0170981884002686
0.0171589851379395
0.0173399448394775
0.0169990062713623
0.0171420574188232
0.0170209407806396
0.0172290802001953
0.0169410705566406
0.0171160697937012
0.0170700550079346
0.0171871185302734
0.0173101425170898
0.0173978805541992
0.0171520709991455
0.01698899269104
0.0165657997131348
0.0163850784301758
0.0165300369262695
0.0163829326629639
0.0167758464813232
0.0166139602661133
0.0166230201721191
0.0166659355163574
0.0163519382476807
0.0164639949798584
0.0158779621124268
0.0160419940948486
0.0158917903900146
0.0161590576171875
0.0158829689025879
0.0161998271942139
0.0159540176391602
0.0160751342773438
0.0163719654083252
0.0160770416259766
0.0163841247558594
0.0166740417480469
0.0165970325469971
0.0169529914855957
0.0167298316955566
0.0165669918060303
0.0166251659393311
0.0164391994476318
0.0166099071502686
0.0164000988006592
0.0160591602325439
0.0158340930938721
0.0160148143768311
0.0158278942108154
0.0159900188446045
0.015826940536499
0.0160861015319824
0.0157899856567383
0.0159590244293213
0.0157740116119385
0.0164470672607422
0.0165112018585205
0.0166370868682861
0.0165698528289795
0.0163059234619141
0.016463041305542
0.0164029598236084
0.0165159702301025
0.0163791179656982
0.0164980888366699
0.0165350437164307
0.016549825668335
0.0164141654968262
0.0166380405426025
0.0162589550018311
0.0169920921325684
0.016416072845459
0.0166788101196289
0.016671895980835
0.016895055770874
0.0158290863037109
0.0156338214874268
0.0157639980316162
0.0156290531158447
0.0157449245452881
0.0156211853027344
0.0157108306884766
0.0156290531158447
0.0157928466796875
0.0156130790710449
0.0166049003601074
0.016448974609375
0.0165328979492188
0.0164420604705811
0.0165810585021973
0.016402006149292
0.0165460109710693
0.0165119171142578
0.0166928768157959
0.0167570114135742
0.0159320831298828
0.0159380435943604
0.015822172164917
0.015869140625
0.0159380435943604
0.0159139633178711
0.0157709121704102
0.0159618854522705
0.0157921314239502
0.0159981250762939
0.0156548023223877
0.0158181190490723
0.0158240795135498
0.0157978534698486
0.0157029628753662
0.0159618854522705
0.0157749652862549
0.0158460140228271
0.0156910419464111
0.0158090591430664
0.0157639980316162
0.0160000324249268
0.0158030986785889
0.0159399509429932
0.0158309936523438
0.0160701274871826
0.0158710479736328
0.0162391662597656
0.0159640312194824
0.0161478519439697
0.015869140625
0.0160980224609375
0.0159969329833984
0.0159850120544434
0.0160739421844482
0.0157458782196045
0.015826940536499
0.0157620906829834
0.0158510208129883
0.0157809257507324
0.0168180465698242
0.016711950302124
0.0168948173522949
0.0168681144714355
0.0169417858123779
0.0167078971862793
0.0169641971588135
0.0167958736419678
0.0170118808746338
0.0169708728790283
0.0162968635559082
0.0163421630859375
0.0161778926849365
0.0163190364837646
0.0162339210510254
0.0163328647613525
0.0162339210510254
0.0163838863372803
0.0162498950958252
0.0163378715515137
0.0163769721984863
0.0164470672607422
0.0164470672607422
0.0165929794311523
0.016517162322998
0.0163650512695312
0.0166060924530029
0.0163698196411133
0.0168931484222412
0.0163528919219971
0.0158040523529053
0.0156919956207275
0.0158419609069824
0.0156660079956055
0.015800952911377
0.0156190395355225
0.0157408714294434
0.0159389972686768
0.0159389972686768
0.0155708789825439
0.0162770748138428
0.016106128692627
0.0163240432739258
0.0161609649658203
0.0165929794311523
0.0164010524749756
0.0164451599121094
0.0165469646453857
0.0162351131439209
0.0163249969482422
0.0162482261657715
0.0163190364837646
0.0161330699920654
0.0163562297821045
0.0161521434783936
0.0163171291351318
0.0162160396575928
0.0163779258728027
0.016157865524292
0.0163478851318359
0.0163660049438477
0.0165438652038574
0.017470121383667
0.0162241458892822
0.016340970993042
0.0163319110870361
0.016395092010498
0.0162909030914307
0.0163249969482422
0.0163040161132812
0.0159540176391602
0.0157499313354492
0.0158789157867432
0.0157010555267334
0.0159928798675537
0.0157380104064941
0.015894889831543
0.0157310962677002
0.0158979892730713
0.0157248973846436
0.0165371894836426
0.0163969993591309
0.0168168544769287
0.0176401138305664
0.0164661407470703
0.0165560245513916
0.0164790153503418
0.0165989398956299
0.016589879989624
0.0166049003601074
0.0164499282836914
0.0165681838989258
0.0165050029754639
0.0165231227874756
0.0165739059448242
0.0166120529174805
0.0167608261108398
0.0165011882781982
0.0166580677032471
0.0164949893951416
0.0162250995635986
0.0161421298980713
0.0161819458007812
0.0160090923309326
0.0162110328674316
0.016002893447876
0.0161900520324707
0.0160689353942871
0.0162851810455322
0.0160508155822754
0.0158360004425049
0.0155959129333496
0.0160641670227051
0.0157639980316162
0.0158350467681885
0.0157229900360107
0.0159928798675537
0.0158181190490723
0.0159511566162109
0.0159358978271484
0.0168588161468506
0.0168981552124023
0.0166769027709961
0.0167980194091797
0.0168111324310303
0.0168120861053467
0.0166711807250977
0.0169568061828613
0.0166618824005127
0.0168759822845459
0.0160930156707764
0.0162849426269531
0.0162549018859863
0.0162091255187988
0.0162649154663086
0.0160660743713379
0.0161960124969482
0.0161690711975098
0.0161631107330322
0.0159850120544434
0.0166511535644531
0.0164518356323242
0.0165910720825195
0.0164458751678467
0.0166070461273193
0.0165150165557861
0.016646146774292
0.016624927520752
0.0167908668518066
0.0168910026550293
0.0164189338684082
0.0164611339569092
0.0165939331054688
0.0165200233459473
0.0162298679351807
0.0164239406585693
0.0162150859832764
0.0163791179656982
0.0163021087646484
0.0163521766662598
0.0162980556488037
0.0166590213775635
0.0164029598236084
0.0167498588562012
0.0167019367218018
0.0170760154724121
0.0167050361633301
0.0171909332275391
0.0164899826049805
0.016510009765625
0.0161302089691162
0.0159759521484375
0.0161890983581543
0.0160059928894043
0.0162050724029541
0.0159828662872314
0.0163338184356689
0.0161831378936768
0.0163381099700928
0.0162129402160645
0.0174198150634766
0.0175678730010986
0.017240047454834
0.0173461437225342
0.0172660350799561
0.0173258781433105
0.0173928737640381
0.0176708698272705
0.0175349712371826
0.0172030925750732
0.0162160396575928
0.0160360336303711
0.0161941051483154
0.0160210132598877
0.0161900520324707
0.0159780979156494
0.0161190032958984
0.0160470008850098
0.0162291526794434
0.016448974609375
0.0162720680236816
0.0161771774291992
0.0165789127349854
0.0179538726806641
0.0162999629974365
0.0163178443908691
0.0161750316619873
0.0162680149078369
0.0162208080291748
0.0164499282836914
0.015923023223877
0.016063928604126
0.016028881072998
0.0160439014434814
0.0159640312194824
0.0160949230194092
0.0158920288085938
0.0161478519439697
0.0159180164337158
0.0161149501800537
0.015949010848999
0.0164649486541748
0.0161631107330322
0.0163419246673584
0.0162210464477539
0.0160431861877441
0.0161058902740479
0.0160548686981201
0.0161411762237549
0.016077995300293
0.0162169933319092
0.0159778594970703
0.0161659717559814
0.0159831047058105
0.0161058902740479
0.0159749984741211
0.0163118839263916
0.0160269737243652
0.0161659717559814
0.0159869194030762
0.016481876373291
0.0164279937744141
0.0166587829589844
0.0166618824005127
0.0164949893951416
0.0164260864257812
0.016477108001709
0.0164401531219482
0.0164191722869873
0.0164899826049805
0.0160379409790039
0.0160479545593262
0.0158708095550537
0.0160629749298096
0.0160298347473145
0.0159897804260254
0.0158040523529053
0.0160908699035645
0.0158281326293945
0.0162968635559082
0.0161929130554199
0.0162408351898193
0.0162918567657471
0.016334056854248
0.0172891616821289
0.0162079334259033
0.0163531303405762
0.0161161422729492
0.0162599086761475
0.0162591934204102
0.0170490741729736
0.0171310901641846
0.017240047454834
0.0169479846954346
0.0172638893127441
0.0172359943389893
0.0169830322265625
0.0171849727630615
0.0170140266418457
0.017042875289917
0.0169270038604736
0.0172209739685059
0.01698899269104
0.0171959400177002
0.0170228481292725
0.0171530246734619
0.0171449184417725
0.0169389247894287
0.0169599056243896
0.0168991088867188
0.0163140296936035
0.0161302089691162
0.0162811279296875
0.0161070823669434
0.0162577629089355
0.0160758495330811
0.0164930820465088
0.0163791179656982
0.0164110660552979
0.016441822052002
0.0171678066253662
0.0176370143890381
0.0171411037445068
0.017305850982666
0.0172441005706787
0.0172960758209229
0.0172159671783447
0.01743483543396
0.0174429416656494
0.0171940326690674
0.01698899269104
0.0167829990386963
0.0169839859008789
0.016754150390625
0.0170118808746338
0.0168399810791016
0.017064094543457
0.0170328617095947
0.0168700218200684
0.0169939994812012
0.0168609619140625
0.0169980525970459
0.0167708396911621
0.0170581340789795
0.0168888568878174
0.0172150135040283
0.0171289443969727
0.0169939994812012
0.0170109272003174
0.0168840885162354
0.0172278881072998
0.0167050361633301
0.0169239044189453
0.016772985458374
0.0169429779052734
0.0167970657348633
0.0169939994812012
0.0170130729675293
0.0168449878692627
0.0168948173522949
0.0168299674987793
0.0168838500976562
0.0167639255523682
0.0169010162353516
0.0167839527130127
0.0169191360473633
0.0168290138244629
0.016991138458252
0.017009973526001
0.0168790817260742
0.0161430835723877
0.0159671306610107
0.0161669254302979
0.0160670280456543
0.016150951385498
0.0160231590270996
0.0161569118499756
0.0159728527069092
0.01633620262146
0.0160470008850098
0.0164730548858643
0.0162289142608643
0.0165090560913086
0.0164260864257812
0.0164859294891357
0.0175228118896484
0.0162789821624756
0.0164201259613037
0.0163090229034424
0.0164320468902588
0.0164139270782471
0.0165810585021973
0.016369104385376
0.0166089534759521
0.0164608955383301
0.0166840553283691
0.016409158706665
0.0166549682617188
0.0166251659393311
0.0163688659667969
0.0166420936584473
0.0164270401000977
0.0165770053863525
0.0164129734039307
0.0165760517120361
0.0163929462432861
0.016636848449707
0.0164189338684082
0.0166289806365967
0.016632080078125
0.0170109272003174
0.017531156539917
0.0164859294891357
0.0167949199676514
0.0164570808410645
0.0167009830474854
0.0164740085601807
0.0166299343109131
0.0165419578552246
0.0167038440704346
0.0162649154663086
0.0164251327514648
0.0163729190826416
0.0166480541229248
0.0165729522705078
0.0162451267242432
0.0164351463317871
0.0162680149078369
0.0164198875427246
0.0162749290466309
0.0158600807189941
0.0156190395355225
0.0158591270446777
0.0157361030578613
0.0157730579376221
0.0156810283660889
0.0158669948577881
0.0156998634338379
0.0158648490905762
0.0156929492950439
0.0162191390991211
0.0160238742828369
0.0162789821624756
0.0160720348358154
0.0162649154663086
0.016110897064209
0.0164709091186523
0.0162689685821533
0.0163600444793701
0.0165338516235352
0.0156290531158447
0.0157389640808105
0.0157051086425781
0.0157260894775391
0.0156619548797607
0.0156729221343994
0.0157270431518555
0.0157268047332764
0.0156700611114502
0.0156819820404053
0.0156679153442383
0.0158259868621826
0.0157771110534668
0.0157091617584229
0.0156958103179932
0.0157539844512939
0.0157029628753662
0.015739917755127
0.015704870223999
0.0158281326293945
0.0162920951843262
0.0165040493011475
0.0164289474487305
0.0165038108825684
0.0162968635559082
0.0164759159088135
0.0163700580596924
0.0166771411895752
0.0166110992431641
0.0164539813995361
0.0165200233459473
0.0164620876312256
0.0165228843688965
0.0163929462432861
0.0164980888366699
0.0164840221405029
0.0168988704681396
0.0163919925689697
0.0167529582977295
0.0164320468902588
0.017179012298584
0.0180740356445312
0.0169179439544678
0.0169451236724854
0.0172221660614014
0.0169689655303955
0.0167582035064697
0.0169999599456787
0.0167701244354248
0.0171859264373779
0.0160090923309326
0.0161678791046143
0.0161659717559814
0.0159680843353271
0.0159919261932373
0.0158519744873047
0.016010046005249
0.0159380435943604
0.0159420967102051
0.015920877456665
0.0158140659332275
0.0156729221343994
0.0157840251922607
0.0156090259552002
0.0158190727233887
0.0156769752502441
0.0157458782196045
0.0156960487365723
0.0157959461212158
0.0157039165496826
0.0162200927734375
0.0161299705505371
0.0164308547973633
0.0160970687866211
0.0163071155548096
0.0160739421844482
0.0163140296936035
0.01609206199646
0.0164659023284912
0.0163891315460205
0.0164060592651367
0.0163679122924805
0.0164520740509033
0.0164589881896973
0.0162079334259033
0.0162158012390137
0.0162479877471924
0.0163280963897705
0.0161411762237549
0.0163121223449707
0.016495943069458
0.0168030261993408
0.016477108001709
0.0166618824005127
0.0166280269622803
0.0167489051818848
0.0167829990386963
0.0165910720825195
0.016538143157959
0.0165238380432129
0.0165281295776367
0.0163280963897705
0.0164690017700195
0.016402006149292
0.0164201259613037
0.0162711143493652
0.0164639949798584
0.0163898468017578
0.016664981842041
0.016618013381958
0.0166130065917969
0.0165889263153076
0.0163700580596924
0.0164361000061035
0.0163211822509766
0.0164740085601807
0.016301155090332
0.0165340900421143
0.0163919925689697
0.0163519382476807
0.0162849426269531
0.0164079666137695
0.0161848068237305
0.0166289806365967
0.0164840221405029
0.0164780616760254
0.0165641307830811
0.016240119934082
0.0162301063537598
0.0163798332214355
0.0161349773406982
0.01584792137146
0.0161230564117432
0.0159380435943604
0.0159890651702881
0.0158498287200928
0.0160238742828369
0.0158600807189941
0.0160181522369385
0.0158250331878662
0.0166590213775635
0.0164990425109863
0.0166709423065186
0.0165719985961914
0.0168709754943848
0.0166947841644287
0.0163900852203369
0.0166819095611572
0.016463041305542
0.0166230201721191
0.0165939331054688
0.0168170928955078
0.0166130065917969
0.0167319774627686
0.0165419578552246
0.0169169902801514
0.0167028903961182
0.0169961452484131
0.0184230804443359
0.0165309906005859
0.0163860321044922
0.0161290168762207
0.0163400173187256
0.0163109302520752
0.0163440704345703
0.0161499977111816
0.016355037689209
0.0161590576171875
0.0163090229034424
0.0162210464477539
0.0159358978271484
0.0157370567321777
0.0159049034118652
0.015761137008667
0.0159170627593994
0.0158019065856934
0.0158030986785889
0.0158288478851318
0.0156819820404053
0.0157361030578613
0.015531063079834
0.0156280994415283
0.0155909061431885
0.0156040191650391
0.0156111717224121
0.0156581401824951
0.0155789852142334
0.0155539512634277
0.0155119895935059
0.0155949592590332
0.0158419609069824
0.0160319805145264
0.0159518718719482
0.0159330368041992
0.0159468650817871
0.0160870552062988
0.0159261226654053
0.0160369873046875
0.015934944152832
0.0161428451538086
0.0162529945373535
0.0164010524749756
0.0164539813995361
0.0164029598236084
0.0162529945373535
0.0170249938964844
0.016657829284668
0.016355037689209
0.0172049999237061
0.0163710117340088
0.0169289112091064
0.0168631076812744
0.0169298648834229
0.0168421268463135
0.0169651508331299
0.0168778896331787
0.0170791149139404
0.0170819759368896
0.016801118850708
0.0168941020965576
0.0164880752563477
0.0165779590606689
0.0164430141448975
0.0166630744934082
0.0164070129394531
0.0166850090026855
0.0165078639984131
0.0167751312255859
0.0167629718780518
0.0165979862213135
0.0166740417480469
0.0166199207305908
0.0167720317840576
0.0165891647338867
0.0166840553283691
0.0166969299316406
0.0166499614715576
0.0166900157928467
0.0167009830474854
0.0166199207305908
0.0167570114135742
0.016697883605957
0.0166490077972412
0.0168411731719971
0.0165779590606689
0.016732931137085
0.0165882110595703
0.0168159008026123
0.0165538787841797
0.016718864440918
0.0157480239868164
0.0159080028533936
0.0157368183135986
0.0162649154663086
0.0158538818359375
0.0160849094390869
0.0159218311309814
0.0160989761352539
0.0159280300140381
0.0160441398620605
0.0165660381317139
0.0164070129394531
0.0164730548858643
0.0163710117340088
0.0164680480957031
0.0163259506225586
0.0167012214660645
0.0163228511810303
0.0165119171142578
0.0163729190826416
0.0162801742553711
0.0163140296936035
0.0164198875427246
0.0163018703460693
0.0163331031799316
0.016395092010498
0.0161581039428711
0.0162258148193359
0.0161521434783936
0.016193151473999
0.0161972045898438
0.0163500308990479
0.0161800384521484
0.0162630081176758
0.0162689685821533
0.0162560939788818
0.0161929130554199
0.0163729190826416
0.0161550045013428
0.0163180828094482
0.0158581733703613
0.0163390636444092
0.0160470008850098
0.016294002532959
0.0160930156707764
0.0162510871887207
0.0160369873046875
0.0159139633178711
0.0159580707550049
0.0158820152282715
0.0158901214599609
0.0157818794250488
0.0158860683441162
0.0157220363616943
0.0157830715179443
0.0158488750457764
0.0158591270446777
0.0158469676971436
0.0158398151397705
0.0157411098480225
0.016171932220459
0.0160140991210938
0.0162689685821533
0.0161020755767822
0.0162601470947266
0.016077995300293
0.0161869525909424
0.0161490440368652
0.0165510177612305
0.0168819427490234
0.0163609981536865
0.0166049003601074
0.0161480903625488
0.0162570476531982
0.0161681175231934
0.0162968635559082
0.0162818431854248
0.0162649154663086
0.0162858963012695
0.0162999629974365
0.0162479877471924
0.016373872756958
0.0161721706390381
0.016387939453125
0.0163490772247314
0.0165061950683594
0.0165150165557861
0.0164330005645752
0.0165410041809082
0.0163428783416748
0.0167660713195801
0.0167150497436523
0.0168349742889404
0.0166769027709961
0.0168001651763916
0.0165939331054688
0.0168650150299072
0.0167510509490967
0.0168378353118896
0.0169718265533447
0.0165629386901855
0.0166990756988525
0.0164420604705811
0.0165791511535645
0.0163788795471191
0.0165359973907471
0.0163390636444092
0.0165920257568359
0.0164189338684082
0.016758918762207
0.0159859657287598
0.0163419246673584
0.0162270069122314
0.0163900852203369
0.0162179470062256
0.0160491466522217
0.0162460803985596
0.0160119533538818
0.0161359310150146
0.0160388946533203
0.0158109664916992
0.0156800746917725
0.0157167911529541
0.0156729221343994
0.0157790184020996
0.0155980587005615
0.0157520771026611
0.0156919956207275
0.0158820152282715
0.0156600475311279
0.0157790184020996
0.0157070159912109
0.0158019065856934
0.0156421661376953
0.0158650875091553
0.0156300067901611
0.0158829689025879
0.0156369209289551
0.0158708095550537
0.0157248973846436
0.0161800384521484
0.0158941745758057
0.016150951385498
0.0160191059112549
0.0163850784301758
0.0162580013275146
0.016430139541626
0.016240119934082
0.0160140991210938
0.0161747932434082
0.0155079364776611
0.0157060623168945
0.0155031681060791
0.0157568454742432
0.0155830383300781
0.0156707763671875
0.0155239105224609
0.0156700611114502
0.0154709815979004
0.0157451629638672
0.0165469646453857
0.0166881084442139
0.0165631771087646
0.0167160034179688
0.016563892364502
0.0167458057403564
0.0166299343109131
0.016726016998291
0.0167171955108643
0.0168149471282959
0.0171811580657959
0.0169169902801514
0.0170450210571289
0.016916036605835
0.0171380043029785
0.0169808864593506
0.0170829296112061
0.0168609619140625
0.0173501968383789
0.0181188583374023
0.0162448883056641
0.0165400505065918
0.0162580013275146
0.0163719654083252
0.0162458419799805
0.0164649486541748
0.0163488388061523
0.0163569450378418
0.0161571502685547
0.016387939453125
0.0159499645233154
0.016211986541748
0.0158398151397705
0.0161700248718262
0.0159330368041992
0.0168008804321289
0.0162441730499268
0.0161960124969482
0.0162448883056641
0.0160150527954102
0.01621413230896
0.0160081386566162
0.016247034072876
0.0161759853363037
0.0161380767822266
0.0160491466522217
0.0162320137023926
0.0159800052642822
0.0161950588226318
0.0160119533538818
0.0164639949798584
0.0162348747253418
0.0166609287261963
0.0163171291351318
0.0166738033294678
0.0165078639984131
0.0165770053863525
0.0172519683837891
0.0163180828094482
0.0164189338684082
0.0165929794311523
0.0166890621185303
0.0165009498596191
0.0166938304901123
0.0164639949798584
0.0167150497436523
0.0165581703186035
0.0167877674102783
0.0167489051818848
0.0165650844573975
0.0165889263153076
0.0164930820465088
0.0165841579437256
0.0164558887481689
0.0165681838989258
0.0164520740509033
0.0165438652038574
0.0163681507110596
0.0166728496551514
0.0164129734039307
0.0166010856628418
0.0164289474487305
0.0166671276092529
0.0166559219360352
0.0163559913635254
0.0165541172027588
0.0163440704345703
0.0164299011230469
0.0164008140563965
0.0164799690246582
0.0160529613494873
0.0161228179931641
0.0159611701965332
0.0160868167877197
0.0159900188446045
0.0161471366882324
0.0158910751342773
0.0161640644073486
0.0160501003265381
0.0167598724365234
0.0159449577331543
0.0160460472106934
0.0166921615600586
0.0157299041748047
0.0157840251922607
0.0157279968261719
0.0158209800720215
0.0157878398895264
0.0158331394195557
0.0156059265136719
0.0167579650878906
0.0167350769042969
0.0168490409851074
0.0170440673828125
0.0167310237884521
0.0164971351623535
0.0167279243469238
0.0166559219360352
0.01692795753479
0.0169858932495117
0.0170040130615234
0.0171370506286621
0.0168938636779785
0.0169980525970459
0.0168838500976562
0.0169918537139893
0.0168888568878174
0.0174069404602051
0.017164945602417
0.0170040130615234
0.0167860984802246
0.0167109966278076
0.0167539119720459
0.0166809558868408
0.0168020725250244
0.0167548656463623
0.0168821811676025
0.0166468620300293
0.0171940326690674
0.0179731845855713
0.0168178081512451
0.0168271064758301
0.0166997909545898
0.0169610977172852
0.0168900489807129
0.0169639587402344
0.0166997909545898
0.0168509483337402
0.016826868057251
0.0170421600341797
0.0169661045074463
0.0168209075927734
0.0167160034179688
0.0166630744934082
0.0166950225830078
0.0166878700256348
0.0168380737304688
0.0166280269622803
0.0169060230255127
0.0167958736419678
0.0169649124145508
0.0170559883117676
0.0167069435119629
0.0167770385742188
0.0166680812835693
0.016855001449585
0.0166130065917969
0.0168130397796631
0.0166671276092529
0.0170760154724121
0.0169949531555176
0.0169579982757568
0.0169460773468018
0.0167479515075684
0.0168278217315674
0.0167219638824463
0.0168149471282959
0.0166208744049072
0.0168049335479736
0.0166301727294922
0.0169031620025635
0.0167558193206787
0.0169579982757568
0.0168380737304688
0.0167219638824463
0.0167958736419678
0.0165929794311523
0.0167760848999023
0.0166628360748291
0.0167949199676514
0.0163531303405762
0.0165150165557861
0.0163829326629639
0.0166850090026855
0.0165791511535645
0.016603946685791
0.018110990524292
0.0164260864257812
0.0165929794311523
0.0163800716400146
0.0170040130615234
0.0168938636779785
0.0170488357543945
0.0169069766998291
0.0172860622406006
0.0172700881958008
0.016970157623291
0.0170290470123291
0.016887903213501
0.0171260833740234
0.0163030624389648
0.016387939453125
0.01627516746521
0.0164339542388916
0.0163700580596924
0.0164470672607422
0.0163841247558594
0.0166521072387695
0.0181078910827637
0.0164480209350586
0.0162739753723145
0.015949010848999
0.0161638259887695
0.0159327983856201
0.0161290168762207
0.0158998966217041
0.0160939693450928
0.016028881072998
0.016077995300293
0.0159869194030762
0.016340970993042
0.0162298679351807
0.0163800716400146
0.0162360668182373
0.0164310932159424
0.0163941383361816
0.016528844833374
0.0165081024169922
0.0161840915679932
0.0163848400115967
0.0165600776672363
0.0166428089141846
0.0164589881896973
0.0166680812835693
0.0165071487426758
0.0166449546813965
0.0164740085601807
0.0166168212890625
0.0165848731994629
0.0167021751403809
0.0165920257568359
0.0162949562072754
0.0164139270782471
0.016279935836792
0.0164730548858643
0.016294002532959
0.0163428783416748
0.0162398815155029
0.0164759159088135
0.0162389278411865
0.0159931182861328
0.0157990455627441
0.0159821510314941
0.0158319473266602
0.0160300731658936
0.0157990455627441
0.0162138938903809
0.0160031318664551
0.0161299705505371
0.016024112701416
0.0170199871063232
0.0174288749694824
0.0168969631195068
0.0170438289642334
0.016855001449585
0.0170609951019287
0.0168921947479248
0.0170631408691406
0.0169730186462402
0.0171208381652832
0.0177919864654541
0.0167419910430908
0.0167338848114014
0.0166099071502686
0.0167639255523682
0.0165760517120361
0.016808032989502
0.016556978225708
0.0167059898376465
0.016671895980835
0.0171058177947998
0.0171389579772949
0.0169448852539062
0.0169510841369629
0.0169260501861572
0.0170009136199951
0.0169939994812012
0.0170371532440186
0.0169270038604736
0.01729416847229
0.0161409378051758
0.0160520076751709
0.0161850452423096
0.0159709453582764
0.0160689353942871
0.0160329341888428
0.0160610675811768
0.0159599781036377
0.0159590244293213
0.0158669948577881
0.017164945602417
0.0170869827270508
0.0172009468078613
0.016991138458252
0.017329216003418
0.0172109603881836
0.0174009799957275
0.0174121856689453
0.0171260833740234
0.0172591209411621
0.0156950950622559
0.0156979560852051
0.0155391693115234
0.0157101154327393
0.0155229568481445
0.0160729885101318
0.0155990123748779
0.0157101154327393
0.0154531002044678
0.015693187713623
0.0158910751342773
0.0161380767822266
0.0159580707550049
0.0162291526794434
0.0160191059112549
0.016171932220459
0.0158510208129883
0.0164370536804199
0.0160219669342041
0.0163660049438477
0.0167331695556641
0.016456127166748
0.0166029930114746
0.0163660049438477
0.0164330005645752
0.0164251327514648
0.0164570808410645
0.0162909030914307
0.0165140628814697
0.0162949562072754
0.0164690017700195
0.0162310600280762
0.0165259838104248
0.0162990093231201
0.0166218280792236
0.0164778232574463
0.0166869163513184
0.0168120861053467
0.0163309574127197
0.0164918899536133
0.0160729885101318
0.0162107944488525
0.016028881072998
0.0161850452423096
0.0160949230194092
0.0162460803985596
0.0160579681396484
0.0162520408630371
0.016038179397583
0.0161440372467041
0.0160789489746094
0.0163531303405762
0.016103982925415
0.0161070823669434
0.0160419940948486
0.0162620544433594
0.0172998905181885
0.0160031318664551
0.0160138607025146
0.0159518718719482
0.0164501667022705
0.0163359642028809
0.0163400173187256
0.0161430835723877
0.01633620262146
0.0161609649658203
0.0163900852203369
0.0161938667297363
0.0163149833679199
0.0161318778991699
0.0168299674987793
0.0167028903961182
0.0165169239044189
0.0169079303741455
0.0164790153503418
0.0165688991546631
0.0164358615875244
0.0165250301361084
0.0164241790771484
0.0165388584136963
0.0163478851318359
0.0164830684661865
0.0164270401000977
0.0168511867523193
0.016664981842041
0.0165281295776367
0.0165290832519531
0.0164179801940918
0.0165870189666748
0.0163888931274414
0.0159401893615723
0.0157299041748047
0.0158789157867432
0.0156700611114502
0.0159459114074707
0.0157389640808105
0.0158770084381104
0.0157339572906494
0.0159409046173096
0.0156688690185547
0.0165410041809082
0.0162348747253418
0.0164809226989746
0.0163240432739258
0.0170900821685791
0.016373872756958
0.0165269374847412
0.0165529251098633
0.0163640975952148
0.0164201259613037
0.0165510177612305
0.0166280269622803
0.0166468620300293
0.0166220664978027
0.0165212154388428
0.0166749954223633
0.0165009498596191
0.0167641639709473
0.0166671276092529
0.0168180465698242
0.0173099040985107
0.0170929431915283
0.0171241760253906
0.0169649124145508
0.0170331001281738
0.017024040222168
0.0171260833740234
0.01705002784729
0.017265796661377
0.0172832012176514
0.0172848701477051
0.0171401500701904
0.0170450210571289
0.0171551704406738
0.0169179439544678
0.0170838832855225
0.0171711444854736
0.0171380043029785
0.0187170505523682
0.0169229507446289
0.0158929824829102
0.0157599449157715
0.0157520771026611
0.015861988067627
0.0158390998840332
0.0156841278076172
0.0157928466796875
0.0156610012054443
0.0158050060272217
0.01568603515625
0.0161690711975098
0.0159809589385986
0.0161559581756592
0.0159261226654053
0.0162961483001709
0.016118049621582
0.0163681507110596
0.016211986541748
0.0163209438323975
0.0162990093231201
0.015794038772583
0.0157749652862549
0.0158231258392334
0.0158560276031494
0.015714168548584
0.015812873840332
0.0157039165496826
0.0158770084381104
0.0156359672546387
0.015841007232666
0.0164380073547363
0.0165870189666748
0.0165350437164307
0.0166459083557129
0.0165770053863525
0.0166339874267578
0.016495943069458
0.0167980194091797
0.016768217086792
0.016542911529541
0.0164780616760254
0.0164978504180908
0.0164570808410645
0.0164639949798584
0.0164828300476074
0.0163578987121582
0.0164709091186523
0.016247034072876
0.0164558887481689
0.0162880420684814
0.0161049365997314
0.0158069133758545
0.016077995300293
0.0158669948577881
0.0162110328674316
0.0159969329833984
0.0162191390991211
0.0160160064697266
0.0162129402160645
0.0160958766937256
0.0171818733215332
0.0171270370483398
0.0170509815216064
0.0171120166778564
0.0170109272003174
0.0174219608306885
0.0171630382537842
0.0173921585083008
0.0173120498657227
0.017132043838501
0.0161890983581543
0.0160138607025146
0.0160930156707764
0.0160601139068604
0.016139030456543
0.0160269737243652
0.0161988735198975
0.0159749984741211
0.0161480903625488
0.0159511566162109
0.0165901184082031
0.0164620876312256
0.016671895980835
0.0164930820465088
0.0169270038604736
0.0167241096496582
0.016434907913208
0.0165669918060303
0.0164289474487305
0.0165770053863525
0.0165708065032959
0.0166749954223633
0.0165541172027588
0.0166640281677246
0.0165669918060303
0.0167350769042969
0.0166020393371582
0.0169188976287842
0.016895055770874
0.0166060924530029
0.0160541534423828
0.0160660743713379
0.0164670944213867
0.0161850452423096
0.0161960124969482
0.0160119533538818
0.016185998916626
0.0160121917724609
0.0161838531494141
0.0160109996795654
0.0163099765777588
0.0161950588226318
0.0164141654968262
0.0162510871887207
0.0165159702301025
0.0164871215820312
0.0164241790771484
0.0164258480072021
0.0162720680236816
0.0164141654968262
0.0164339542388916
0.0166118144989014
0.0164542198181152
0.0166389942169189
0.0164878368377686
0.016740083694458
0.016448974609375
0.0166900157928467
0.016542911529541
0.0167970657348633
0.0163381099700928
0.016218900680542
0.016165018081665
0.0161478519439697
0.0162749290466309
0.0161101818084717
0.0161900520324707
0.0161769390106201
0.0162041187286377
0.0160307884216309
0.0161612033843994
0.0161352157592773
0.0162231922149658
0.0160000324249268
0.0162451267242432
0.0160281658172607
0.0161750316619873
0.0160729885101318
0.0166099071502686
0.0162360668182373
0.0162229537963867
0.0160930156707764
0.0162768363952637
0.0160179138183594
0.0158889293670654
0.0160131454467773
0.0158379077911377
0.015995979309082
0.0158381462097168
0.0159838199615479
0.0163052082061768
0.0164308547973633
0.0161938667297363
0.0164620876312256
0.0163078308105469
0.0164031982421875
0.0163090229034424
0.0164690017700195
0.0163130760192871
0.0165910720825195
0.0161309242248535
0.0163288116455078
0.016312837600708
0.0161230564117432
0.0161540508270264
0.0162348747253418
0.0161929130554199
0.0160529613494873
0.0161449909210205
0.0160658359527588
0.0157580375671387
0.0156991481781006
0.0158510208129883
0.0156338214874268
0.0157968997955322
0.0155971050262451
0.0157859325408936
0.0157370567321777
0.0159070491790771
0.0157070159912109
0.0157880783081055
0.0155770778656006
0.0157568454742432
0.0156071186065674
0.0158150196075439
0.0155351161956787
0.015794038772583
0.0155808925628662
0.0157418251037598
0.0155630111694336
0.0162560939788818
0.0160748958587646
0.0164320468902588
0.0161640644073486
0.016211986541748
0.016308069229126
0.0161480903625488
0.0160961151123047
0.0159609317779541
0.0161120891571045
0.0165400505065918
0.016481876373291
0.0164299011230469
0.0164699554443359
0.0164659023284912
0.0165238380432129
0.0164790153503418
0.016693115234375
0.0164790153503418
0.0168440341949463
0.0162019729614258
0.0161459445953369
0.0161409378051758
0.0160319805145264
0.0161349773406982
0.0160439014434814
0.0161869525909424
0.0159549713134766
0.0162060260772705
0.0160660743713379
0.0161230564117432
0.0160470008850098
0.0160801410675049
0.0160360336303711
0.0160751342773438
0.0159449577331543
0.0162079334259033
0.016024112701416
0.0162079334259033
0.0159809589385986
0.0172228813171387
0.0170109272003174
0.0170879364013672
0.0171279907226562
0.0168449878692627
0.0168850421905518
0.0169680118560791
0.0169119834899902
0.0167930126190186
0.0171260833740234
0.016685962677002
0.0169398784637451
0.016834020614624
0.0166881084442139
0.0167310237884521
0.0167529582977295
0.0166871547698975
0.0167198181152344
0.0167148113250732
0.0165669918060303
0.0167920589447021
0.016801118850708
0.0169551372528076
0.0169129371643066
0.0167088508605957
0.0167419910430908
0.0167160034179688
0.016808032989502
0.0166261196136475
0.0167357921600342
0.0166330337524414
0.0168280601501465
0.0166599750518799
0.0168969631195068
0.0168490409851074
0.016671895980835
0.0168390274047852
0.0166289806365967
0.0167000293731689
0.0166139602661133
0.0171458721160889
0.0169599056243896
0.0171167850494385
0.0170748233795166
0.0173439979553223
0.0172159671783447
0.0171380043029785
0.0171740055084229
0.01698899269104
0.0171070098876953
0.0174109935760498
0.0176939964294434
0.0176200866699219
0.0176517963409424
0.0178580284118652
0.0175859928131104
0.0177252292633057
0.0174570083618164
0.0176899433135986
0.0175740718841553
0.0163810253143311
0.0164089202880859
0.0161690711975098
0.0162220001220703
0.0161750316619873
0.0161969661712646
0.0161199569702148
0.0162160396575928
0.0162100791931152
0.0162680149078369
0.0164861679077148
0.0165450572967529
0.0164759159088135
0.0165560245513916
0.0164809226989746
0.0167579650878906
0.0167229175567627
0.0166032314300537
0.0165631771087646
0.0164170265197754
0.0157890319824219
0.0157060623168945
0.0158200263977051
0.0156929492950439
0.0158579349517822
0.0156772136688232
0.0158400535583496
0.0156569480895996
0.015794038772583
0.0158579349517822
0.0165979862213135
0.0164580345153809
0.0165870189666748
0.0164279937744141
0.0167088508605957
0.0165309906005859
0.0167250633239746
0.0167930126190186
0.0166361331939697
0.0166981220245361
0.0161838531494141
0.0163140296936035
0.0161900520324707
0.0162460803985596
0.0161821842193604
0.0163447856903076
0.0163209438323975
0.0163209438323975
0.0161221027374268
0.0164380073547363
0.0160391330718994
0.0164179801940918
0.0162670612335205
0.0163478851318359
0.016355037689209
0.0161831378936768
0.0162060260772705
0.0160939693450928
0.0161559581756592
0.0160601139068604
0.0163750648498535
0.0162768363952637
0.0164129734039307
0.0163559913635254
0.0163960456848145
0.0162408351898193
0.0164980888366699
0.0162308216094971
0.016481876373291
0.0165319442749023
0.0165209770202637
0.0163440704345703
0.0162551403045654
0.0169479846954346
0.0161499977111816
0.016312837600708
0.0161368846893311
0.0163180828094482
0.0160911083221436
0.0162169933319092
0.0161559581756592
0.016279935836792
0.0162029266357422
0.0162839889526367
0.0160760879516602
0.0164010524749756
0.0161738395690918
0.0164670944213867
0.0179619789123535
0.0162549018859863
0.0159010887145996
0.0157618522644043
0.0159249305725098
0.0158100128173828
0.01584792137146
0.0157861709594727
0.015873908996582
0.0157690048217773
0.0159518718719482
0.0158450603485107
0.0163979530334473
0.0161352157592773
0.016308069229126
0.0162110328674316
0.0163009166717529
0.0161049365997314
0.016287088394165
0.016308069229126
0.016552209854126
0.0179028511047363
0.0160529613494873
0.016261100769043
0.0160140991210938
0.0161128044128418
0.0160591602325439
0.0161571502685547
0.0160360336303711
0.0161697864532471
0.0160579681396484
0.0161130428314209
0.0158989429473877
0.0160670280456543
0.0160322189331055
0.0160410404205322
0.0158979892730713
0.0163059234619141
0.0160558223724365
0.0163178443908691
0.0162458419799805
0.0163009166717529
0.0160870552062988
0.0161230564117432
0.0159950256347656
0.0159649848937988
0.016057014465332
0.0159509181976318
0.0160369873046875
0.0158901214599609
0.0160160064697266
0.0159091949462891
0.016146183013916
0.0161099433898926
0.0161421298980713
0.0160048007965088
0.0162298679351807
0.0160448551177979
0.0162050724029541
0.0160131454467773
0.0166778564453125
0.0163271427154541
0.0163919925689697
0.0162880420684814
0.0161099433898926
0.0160579681396484
0.0160200595855713
0.0160369873046875
0.0159909725189209
0.0160269737243652
0.0160119533538818
0.0161089897155762
0.0160470008850098
0.0161230564117432
0.016016960144043
0.0163230895996094
0.0161600112915039
0.0162749290466309
0.0160269737243652
0.0162990093231201
0.0160989761352539
0.0164530277252197
0.0160219669342041
0.0165359973907471
0.0160858631134033
0.0164661407470703
0.016247034072876
0.0162231922149658
0.0160250663757324
0.0158481597900391
0.0159509181976318
0.0158929824829102
