0.00099492073059082
0.000986099243164062
0.000898122787475586
0.000902891159057617
0.000874042510986328
0.000995874404907227
0.000918865203857422
0.000830173492431641
0.00095820426940918
0.000864982604980469
0.000787973403930664
0.000681877136230469
0.000679969787597656
0.000643014907836914
0.000704050064086914
0.000638961791992188
0.00064396858215332
0.000670909881591797
0.000653982162475586
0.000648021697998047
0.000612020492553711
0.000532865524291992
0.000570058822631836
0.000554084777832031
0.000546932220458984
0.00055384635925293
0.000575065612792969
0.000545978546142578
0.00053715705871582
0.000556230545043945
0.000644922256469727
0.000652074813842773
0.00063014030456543
0.000626802444458008
0.000601053237915039
0.000617027282714844
0.000627040863037109
0.000631093978881836
0.000659942626953125
0.000617027282714844
0.000699996948242188
0.000727176666259766
0.000681877136230469
0.000679969787597656
0.000730991363525391
0.000687122344970703
0.000706911087036133
0.000697851181030273
0.000720977783203125
0.00067901611328125
0.000771999359130859
0.000830888748168945
0.00091099739074707
0.000839948654174805
0.000844001770019531
0.000874042510986328
0.00082707405090332
0.000874042510986328
0.000836849212646484
0.000833988189697266
0.00124716758728027
0.00120997428894043
0.00110912322998047
0.00113797187805176
0.00108909606933594
0.00107216835021973
0.00107598304748535
0.00108695030212402
0.00107502937316895
0.00106406211853027
0.000911951065063477
0.000890016555786133
0.000912189483642578
0.000911951065063477
0.000928878784179688
0.000916957855224609
0.000916957855224609
0.00091099739074707
0.00090789794921875
0.000905036926269531
0.000967979431152344
0.0010230541229248
0.00114107131958008
0.00108504295349121
0.00104594230651855
0.00106906890869141
0.00105595588684082
0.00104498863220215
0.00103306770324707
0.00102806091308594
0.000818967819213867
0.000759124755859375
0.000620126724243164
0.00064396858215332
0.000666141510009766
0.00061488151550293
0.00065302848815918
0.000631093978881836
0.000612020492553711
0.000639915466308594
0.000567197799682617
0.000546932220458984
0.000567913055419922
0.000540018081665039
0.000558853149414062
0.000519990921020508
0.000524044036865234
0.000585079193115234
0.000545978546142578
0.000552177429199219
0.00102496147155762
0.0010221004486084
0.00102496147155762
0.00102901458740234
0.00102496147155762
0.00102090835571289
0.00102901458740234
0.00109481811523438
0.00120186805725098
0.00114107131958008
0.00113797187805176
0.00116395950317383
0.00115299224853516
0.00112700462341309
0.00111699104309082
0.00112104415893555
0.00114917755126953
0.00108599662780762
0.00106406211853027
0.00103402137756348
0.000657081604003906
0.000663042068481445
0.000663995742797852
0.000643014907836914
0.0006561279296875
0.000662088394165039
0.000643014907836914
0.000660181045532227
0.000662088394165039
0.00064396858215332
0.000643014907836914
0.000652074813842773
0.000700950622558594
0.00061488151550293
0.000658988952636719
0.000668048858642578
0.000631093978881836
0.000652790069580078
0.000671148300170898
0.000647068023681641
0.00065302848815918
0.000665187835693359
0.000645875930786133
0.000648021697998047
0.000662803649902344
0.000632047653198242
0.000765085220336914
0.000757932662963867
0.000747919082641602
0.000751018524169922
0.00121593475341797
0.00124502182006836
0.00124001502990723
0.00121092796325684
0.00117087364196777
0.00103497505187988
0.0011289119720459
0.00107097625732422
0.00109004974365234
0.00104022026062012
0.00100898742675781
0.00100803375244141
0.00101184844970703
0.00100898742675781
0.00101709365844727
0.00100803375244141
0.00102114677429199
0.00102114677429199
0.0010221004486084
0.00101399421691895
0.00108599662780762
0.00108098983764648
0.0011589527130127
0.00111699104309082
0.00109410285949707
0.00118899345397949
0.0012660026550293
0.00116610527038574
0.00117611885070801
0.00118803977966309
0.00121092796325684
0.00126290321350098
0.00119280815124512
0.0012359619140625
0.00120782852172852
0.00117897987365723
0.00120115280151367
0.00125503540039062
0.00117993354797363
0.00121307373046875
0.00124812126159668
0.00129818916320801
0.00121092796325684
0.00123405456542969
0.0012199878692627
0.00130701065063477
0.00121307373046875
0.00124597549438477
0.00120997428894043
0.0013430118560791
0.000729084014892578
0.000651836395263672
0.000633001327514648
0.000707149505615234
0.000711917877197266
0.000618934631347656
0.000715017318725586
0.000615835189819336
0.000589132308959961
0.000616073608398438
0.000722169876098633
0.000665903091430664
0.000703096389770508
0.000684976577758789
0.000672817230224609
0.000665903091430664
0.000671148300170898
0.00065302848815918
0.000661134719848633
0.000669002532958984
0.000747919082641602
0.000754833221435547
0.000746011734008789
0.000760078430175781
0.000763893127441406
0.000746965408325195
0.000750064849853516
0.000757932662963867
0.000768899917602539
0.000791072845458984
0.000639915466308594
0.000642061233520508
0.000622987747192383
0.00061488151550293
0.000640869140625
0.000634193420410156
0.000638961791992188
0.000645160675048828
0.000748157501220703
0.000701904296875
0.000772953033447266
0.000741004943847656
0.00172615051269531
0.000782966613769531
0.000758886337280273
0.000761032104492188
0.000823020935058594
0.000797033309936523
0.000775814056396484
0.000932931900024414
0.000854015350341797
0.000694990158081055
0.00069880485534668
0.000665903091430664
0.000669002532958984
0.000674962997436523
0.000679969787597656
0.000696897506713867
0.000717878341674805
0.000668048858642578
0.00100803375244141
0.000998020172119141
0.000966072082519531
0.00100398063659668
0.000957012176513672
0.000998020172119141
0.000963926315307617
0.00100588798522949
0.000965118408203125
0.000999212265014648
0.000677108764648438
0.000710964202880859
0.000655889511108398
0.000765085220336914
0.000705957412719727
0.000720977783203125
0.000705957412719727
0.00074315071105957
0.000791788101196289
0.000782012939453125
0.00075984001159668
0.000777959823608398
0.000786066055297852
0.000838994979858398
0.000804901123046875
0.000759124755859375
0.000956058502197266
0.000737905502319336
0.000715017318725586
0.000747203826904297
0.000666141510009766
0.000651121139526367
0.000680923461914062
0.000661134719848633
0.000648975372314453
0.000708103179931641
0.000650882720947266
0.000699996948242188
0.000657796859741211
0.000667095184326172
0.000679969787597656
0.000689029693603516
0.000696182250976562
0.000664949417114258
0.000704050064086914
0.000663995742797852
0.000718116760253906
0.000677108764648438
0.000680923461914062
0.000674962997436523
0.000645160675048828
0.000646829605102539
0.000653982162475586
0.000642061233520508
0.000685930252075195
0.000686883926391602
0.000661134719848633
0.000660896301269531
0.000699996948242188
0.000672101974487305
0.000761985778808594
0.000831127166748047
0.000812053680419922
0.000774860382080078
0.000780105590820312
0.000767946243286133
0.000808954238891602
0.000860929489135742
0.000725030899047852
0.000720024108886719
0.000718116760253906
0.000702857971191406
0.000723123550415039
0.000716924667358398
0.000712871551513672
0.000729084014892578
0.00072789192199707
0.000741004943847656
0.000716924667358398
0.000730991363525391
0.000597953796386719
0.000629901885986328
0.00059819221496582
0.000624895095825195
0.000617027282714844
0.00061798095703125
0.000622987747192383
0.000616073608398438
0.000595808029174805
0.000643014907836914
0.000823020935058594
0.000808000564575195
0.00083613395690918
0.000835895538330078
0.000807046890258789
0.000814199447631836
0.00082707405090332
0.000815868377685547
0.000811100006103516
0.000831842422485352
0.000689983367919922
0.000791072845458984
0.000783920288085938
0.000767946243286133
0.000752925872802734
0.000735998153686523
0.000777959823608398
0.000735998153686523
0.000732898712158203
0.000703811645507812
0.000840187072753906
0.000850915908813477
0.000817060470581055
0.000805854797363281
0.000812053680419922
0.000813007354736328
0.000878095626831055
0.000831842422485352
0.000817060470581055
0.00081181526184082
0.000922918319702148
0.000926971435546875
0.000870943069458008
0.000842094421386719
0.000895977020263672
0.000859975814819336
0.000865936279296875
0.000860929489135742
0.000891923904418945
0.000880956649780273
0.000681877136230469
0.000663995742797852
0.000730037689208984
0.000709056854248047
0.000720977783203125
0.000748157501220703
0.000724077224731445
0.00075984001159668
0.000725984573364258
0.000794887542724609
0.000813961029052734
0.000812053680419922
0.000777006149291992
0.000761032104492188
0.000846147537231445
0.000730037689208984
0.000707864761352539
0.00067901611328125
0.000723123550415039
0.000689983367919922
0.000614166259765625
0.000644922256469727
0.000633001327514648
0.000623941421508789
0.000648021697998047
0.000607967376708984
0.000606060028076172
0.000624179840087891
0.000593185424804688
0.000611066818237305
0.000681161880493164
0.000647068023681641
0.0006561279296875
0.000675201416015625
0.000655174255371094
0.000646114349365234
0.00067901611328125
0.000651121139526367
0.000656843185424805
0.000677824020385742
0.000523090362548828
0.000540018081665039
0.000521183013916016
0.000527858734130859
0.000542879104614258
0.00053095817565918
0.000546932220458984
0.000544071197509766
0.000532865524291992
0.000546932220458984
0.000629186630249023
0.000636816024780273
0.000637054443359375
0.000618934631347656
0.000753879547119141
0.000768899917602539
0.000718116760253906
0.000724077224731445
0.000703096389770508
0.000707864761352539
0.000795125961303711
0.000730037689208984
0.000658035278320312
0.000716924667358398
0.000663042068481445
0.000669956207275391
0.000649929046630859
0.000655889511108398
0.000668048858642578
0.000628948211669922
0.000922918319702148
0.000917196273803711
0.000936031341552734
0.000946044921875
0.000927925109863281
0.000917911529541016
0.00094294548034668
0.00100302696228027
0.000915050506591797
0.000982046127319336
0.000663042068481445
0.000717878341674805
0.000669002532958984
0.000696182250976562
0.000660181045532227
0.000730037689208984
0.000715970993041992
0.000708103179931641
0.000701904296875
0.000711917877197266
0.000771045684814453
0.000759124755859375
0.000757932662963867
0.000762939453125
0.000854969024658203
0.000814914703369141
0.000806808471679688
0.000814914703369141
0.000815868377685547
0.000766992568969727
0.000658035278320312
0.000617027282714844
0.000610828399658203
0.000658988952636719
0.000617027282714844
0.000607967376708984
0.000602006912231445
0.000686883926391602
0.00063776969909668
0.000605106353759766
0.000730037689208984
0.000669002532958984
0.000711917877197266
0.000657081604003906
0.000645875930786133
0.000698089599609375
0.000642776489257812
0.00067901611328125
0.000671863555908203
0.00065302848815918
0.000663042068481445
0.000680923461914062
0.0006561279296875
0.00066685676574707
0.000642061233520508
0.000673055648803711
0.000636100769042969
0.000687122344970703
0.000700950622558594
0.000646114349365234
0.000574111938476562
0.000571966171264648
0.000571966171264648
0.000573158264160156
0.000619173049926758
0.000555038452148438
0.000576019287109375
0.000554084777832031
0.000609874725341797
0.000607013702392578
0.000932931900024414
0.000870943069458008
0.000934839248657227
0.000781774520874023
0.000824928283691406
0.000781059265136719
0.000747919082641602
0.000764846801757812
0.000756978988647461
0.000726938247680664
0.000720977783203125
0.000725984573364258
0.0007171630859375
0.000761032104492188
0.000699996948242188
0.000730991363525391
0.000742197036743164
0.000699996948242188
0.000710964202880859
0.000730037689208984
0.000791072845458984
0.000844955444335938
0.000781774520874023
0.00080418586730957
0.000823974609375
0.000788211822509766
0.000844955444335938
0.000810146331787109
0.000864028930664062
0.000849008560180664
0.000704050064086914
0.000704050064086914
0.000730037689208984
0.000700950622558594
0.000705957412719727
0.000701189041137695
0.000695943832397461
0.000776052474975586
0.000745058059692383
0.00074315071105957
0.00067591667175293
0.000741958618164062
0.000751972198486328
0.000636100769042969
0.000623941421508789
0.000636816024780273
0.000625133514404297
0.000620841979980469
0.000670909881591797
0.000641107559204102
0.000602960586547852
0.00062108039855957
0.000629901885986328
0.000642061233520508
0.00060582160949707
0.000597000122070312
0.000638008117675781
0.000613927841186523
0.000610113143920898
0.000626087188720703
0.000616788864135742
0.000629186630249023
0.000655889511108398
0.000637054443359375
0.000638008117675781
0.000649929046630859
0.000627994537353516
0.000650882720947266
0.000654935836791992
0.000632047653198242
0.000710964202880859
0.000684022903442383
0.000790119171142578
0.000769853591918945
0.000770807266235352
0.000771045684814453
0.000757932662963867
0.000792026519775391
0.000763177871704102
0.000771999359130859
0.000755071640014648
0.000811100006103516
0.000917911529541016
0.000766992568969727
0.000783920288085938
0.000746011734008789
0.000689983367919922
0.000693798065185547
0.000689983367919922
0.00067591667175293
0.000640153884887695
0.000615119934082031
0.000628948211669922
0.000616073608398438
0.000654935836791992
0.000638961791992188
0.000592947006225586
0.000624895095825195
0.000614166259765625
0.000609159469604492
0.000719070434570312
0.000699996948242188
0.000694036483764648
0.000725984573364258
0.000686883926391602
0.00073695182800293
0.000688076019287109
0.000713109970092773
0.000674009323120117
0.000668048858642578
0.000710010528564453
0.000707864761352539
0.000724077224731445
0.000725030899047852
0.000746011734008789
0.000725984573364258
0.000751018524169922
0.000728845596313477
0.00074005126953125
0.000726938247680664
0.000725984573364258
0.000705957412719727
0.000713109970092773
0.000706911087036133
0.000751972198486328
0.000749111175537109
0.000819921493530273
0.00076603889465332
0.000817060470581055
0.00067591667175293
0.000704050064086914
0.000679969787597656
0.000643014907836914
0.000683069229125977
0.000665903091430664
0.000655889511108398
0.000657081604003906
0.000664949417114258
0.000630855560302734
0.000721931457519531
0.000845909118652344
0.000869035720825195
0.00082707405090332
0.000938892364501953
0.000818967819213867
0.000834941864013672
0.000858068466186523
0.000813007354736328
0.000874996185302734
0.000818967819213867
0.00061798095703125
0.000606060028076172
0.000639915466308594
0.000651836395263672
0.000641107559204102
0.000642061233520508
0.000628948211669922
0.00065302848815918
0.000629901885986328
0.000620126724243164
0.000645160675048828
0.000617027282714844
0.000615119934082031
0.000628948211669922
0.000602006912231445
0.000614166259765625
0.000701904296875
0.000672101974487305
0.00067901611328125
0.000720024108886719
0.000717878341674805
0.000651121139526367
0.000707864761352539
0.000639200210571289
0.000678062438964844
0.000624895095825195
0.000640869140625
0.000616073608398438
0.000632047653198242
0.000644207000732422
0.000642061233520508
0.000635862350463867
0.000615119934082031
0.000619888305664062
0.000738859176635742
0.000787019729614258
0.000822067260742188
0.000789880752563477
0.000782966613769531
0.000802040100097656
0.000809907913208008
0.000781059265136719
0.000810146331787109
0.000787019729614258
0.000792980194091797
0.000845909118652344
0.000937938690185547
0.000939846038818359
0.000944852828979492
0.000928878784179688
0.000885009765625
0.000890970230102539
0.000917196273803711
0.000862836837768555
0.000883102416992188
0.000935077667236328
0.000899076461791992
0.000889062881469727
0.000874996185302734
0.00100111961364746
0.0010979175567627
0.00102496147155762
0.00100898742675781
0.00099492073059082
0.000989913940429688
0.00100183486938477
0.00118803977966309
0.00135207176208496
0.00127887725830078
0.00128388404846191
0.00152111053466797
0.00144481658935547
0.0015110969543457
0.00163698196411133
0.00159788131713867
0.00170016288757324
0.00164413452148438
0.0016329288482666
0.00170803070068359
0.00185894966125488
0.00254106521606445
0.00253486633300781
0.00261902809143066
0.00343203544616699
0.00383210182189941
0.0038449764251709
0.00383901596069336
0.00381612777709961
0.00385904312133789
0.0039207935333252
0.00255298614501953
0.0025639533996582
0.00258708000183105
0.0025629997253418
0.00241708755493164
0.002532958984375
0.00252008438110352
0.0025789737701416
0.00241708755493164
0.00255298614501953
0.00293517112731934
0.00291895866394043
0.00295686721801758
0.00293302536010742
0.00289416313171387
0.00289011001586914
0.00291109085083008
0.00290608406066895
0.00283288955688477
0.00292801856994629
0.00282502174377441
0.00281786918640137
0.00292301177978516
0.00278902053833008
0.00280284881591797
0.00290489196777344
0.0029289722442627
0.0029289722442627
0.00290083885192871
0.00291585922241211
0.00306797027587891
0.0029139518737793
0.00292396545410156
0.00285077095031738
0.00289201736450195
0.00292205810546875
0.0029301643371582
0.00290203094482422
0.00289106369018555
0.00293207168579102
0.00260686874389648
0.0026090145111084
0.00248217582702637
0.0025792121887207
0.00260186195373535
0.00246310234069824
0.00264215469360352
0.00263690948486328
0.002410888671875
0.00263094902038574
0.00266480445861816
0.00255990028381348
0.00264906883239746
0.00263810157775879
0.00252699851989746
0.00257086753845215
0.00257205963134766
0.0024569034576416
0.0026090145111084
0.00245809555053711
0.00258493423461914
0.002655029296875
0.00247311592102051
0.0025789737701416
0.00265097618103027
0.00261783599853516
0.00254106521606445
0.00260305404663086
0.00252819061279297
0.00256991386413574
0.00250816345214844
0.00236701965332031
0.00253987312316895
0.00240397453308105
0.00254487991333008
0.0024559497833252
0.00251102447509766
0.00243711471557617
0.00252413749694824
0.00254297256469727
0.0028078556060791
0.00289201736450195
0.00284886360168457
0.00287795066833496
0.0028688907623291
0.00285100936889648
0.00294208526611328
0.00293898582458496
0.00289201736450195
0.00291109085083008
0.00286698341369629
0.00286698341369629
0.00287795066833496
0.00288796424865723
0.00289487838745117
0.00290203094482422
0.0028989315032959
0.00266909599304199
0.000762939453125
0.000781059265136719
0.000623941421508789
0.000633955001831055
0.00058293342590332
0.000587940216064453
0.000577926635742188
0.000631093978881836
0.00056910514831543
0.000579118728637695
0.000555992126464844
0.000574111938476562
0.000547170639038086
0.000599145889282227
0.000551939010620117
0.000573873519897461
0.000598907470703125
0.000596046447753906
0.000551939010620117
0.000582218170166016
0.000564098358154297
0.000576019287109375
0.000744104385375977
0.000703811645507812
0.000707149505615234
0.000691890716552734
0.000690937042236328
0.000713825225830078
0.000691890716552734
0.000708103179931641
0.000710010528564453
0.000773906707763672
0.000824213027954102
0.000854969024658203
0.000841856002807617
0.000813961029052734
0.000846147537231445
0.000837087631225586
0.000841856002807617
0.000917196273803711
0.000876188278198242
0.000840902328491211
0.000623941421508789
0.000558137893676758
0.000572919845581055
0.000561952590942383
0.000545024871826172
0.00059199333190918
0.000550985336303711
0.000575065612792969
0.000527143478393555
0.000557184219360352
0.000555992126464844
0.000535964965820312
0.0005950927734375
0.00055694580078125
0.000576972961425781
0.000543117523193359
0.000548839569091797
0.000551939010620117
0.000568866729736328
0.00065922737121582
0.000909090042114258
0.000844001770019531
0.000871896743774414
0.000858068466186523
0.000900030136108398
0.000879049301147461
0.000873088836669922
0.000854969024658203
0.000890970230102539
0.000916004180908203
0.00080108642578125
0.000778913497924805
0.000784873962402344
0.00079798698425293
0.000781059265136719
0.000791072845458984
0.000777006149291992
0.000782966613769531
0.000769138336181641
0.000852108001708984
0.000718116760253906
0.000685930252075195
0.0009918212890625
0.000693798065185547
0.000632047653198242
0.000642061233520508
0.000560998916625977
0.00063014030456543
0.000597953796386719
0.00059199333190918
0.000579833984375
0.00056004524230957
0.000588178634643555
0.000562906265258789
0.000597000122070312
0.000551939010620117
0.000524997711181641
0.000594139099121094
0.00055694580078125
0.000540971755981445
0.000566005706787109
0.000539064407348633
0.00056004524230957
0.000527858734130859
0.000551939010620117
0.000535011291503906
0.00055694580078125
0.000545978546142578
0.000538110733032227
0.000557899475097656
0.000558137893676758
0.000552892684936523
0.000550985336303711
0.000557899475097656
0.0005340576171875
0.000602006912231445
0.000656843185424805
0.000664949417114258
0.00064396858215332
0.000658035278320312
0.000746965408325195
0.000731945037841797
0.000737905502319336
0.00071406364440918
0.000708103179931641
0.000719070434570312
0.000796079635620117
0.000771045684814453
0.000766992568969727
0.000707864761352539
0.000676155090332031
0.000712871551513672
0.00061488151550293
0.000586032867431641
0.000581979751586914
0.000604152679443359
0.000545978546142578
0.000555992126464844
0.000612974166870117
0.000559091567993164
0.000615119934082031
0.000568866729736328
0.000540971755981445
0.000586032867431641
0.00054621696472168
0.000594139099121094
0.000594854354858398
0.000560998916625977
0.00059199333190918
0.000545024871826172
0.000586986541748047
0.000571966171264648
0.000561952590942383
0.000564813613891602
0.000570058822631836
0.000568151473999023
0.000594139099121094
0.000593185424804688
0.000566959381103516
0.00056910514831543
0.000647068023681641
0.000668048858642578
0.000790834426879883
0.000680923461914062
0.000643014907836914
0.000636816024780273
0.000600099563598633
0.000664949417114258
0.000616073608398438
0.000642061233520508
0.000638008117675781
0.000597000122070312
0.000611066818237305
0.000626802444458008
0.000627994537353516
0.000681877136230469
0.000710010528564453
0.000655174255371094
0.000761032104492188
0.000825881958007812
0.000716924667358398
0.000676155090332031
0.000662803649902344
0.000655174255371094
0.000653982162475586
0.00065302848815918
0.000652074813842773
0.000639200210571289
0.0006561279296875
0.000651836395263672
0.000670909881591797
0.000699043273925781
0.000784873962402344
0.000972986221313477
0.000971078872680664
0.00097203254699707
0.000971078872680664
0.000977993011474609
0.000967025756835938
0.000984907150268555
0.00092005729675293
0.000926017761230469
0.00101399421691895
0.00101304054260254
0.000992059707641602
0.000996828079223633
0.0009918212890625
0.00100898742675781
0.000982046127319336
0.00100111961364746
0.00106501579284668
0.0012509822845459
0.0012509822845459
0.00133299827575684
0.00124406814575195
0.00130701065063477
0.00129985809326172
0.00128698348999023
0.00125384330749512
0.00135707855224609
0.000672101974487305
0.000750064849853516
0.000718116760253906
0.000725030899047852
0.000662803649902344
0.000697135925292969
0.000689029693603516
0.000764131546020508
0.000700950622558594
0.000724077224731445
0.000628948211669922
0.00061488151550293
0.000590085983276367
0.000638008117675781
0.000603199005126953
0.000611782073974609
0.000678062438964844
0.000607967376708984
0.000598907470703125
0.000625133514404297
0.000597000122070312
0.000572919845581055
0.000609874725341797
0.000567913055419922
0.000601053237915039
0.000544071197509766
0.000572919845581055
0.000561952590942383
0.000594854354858398
0.000623941421508789
0.00076603889465332
0.000772953033447266
0.000838041305541992
0.000797033309936523
0.000772953033447266
0.000765085220336914
0.000735998153686523
0.000719070434570312
0.000719070434570312
0.000818014144897461
0.000567913055419922
0.000578165054321289
0.000890016555786133
0.000610113143920898
0.000586032867431641
0.000606060028076172
0.000566959381103516
0.000588893890380859
0.000606060028076172
0.000570058822631836
0.000958919525146484
0.000946998596191406
0.000916004180908203
0.000948905944824219
0.000894069671630859
0.000973224639892578
0.00091099739074707
0.000924110412597656
0.000894069671630859
0.000923871994018555
0.00067901611328125
0.000685930252075195
0.000650882720947266
0.000686168670654297
0.000684022903442383
0.000704050064086914
0.000674009323120117
0.000695943832397461
0.000749111175537109
0.00079798698425293
0.000752925872802734
0.000757932662963867
0.000725984573364258
0.000721931457519531
0.000699043273925781
0.000686168670654297
0.000661134719848633
0.000654935836791992
0.000667810440063477
0.000654935836791992
0.000560998916625977
0.000566005706787109
0.000590801239013672
0.000568151473999023
0.000559091567993164
0.000559091567993164
0.000543117523193359
0.000558137893676758
0.00055694580078125
0.000581026077270508
0.000547885894775391
0.000555992126464844
0.000553131103515625
0.00056004524230957
0.000599145889282227
0.000555992126464844
0.000555992126464844
0.000530004501342773
0.000540971755981445
0.000554084777832031
0.000548124313354492
0.000532150268554688
0.000550985336303711
0.000555038452148438
0.000535011291503906
0.000542879104614258
0.000550985336303711
0.000550985336303711
0.000522851943969727
0.000524997711181641
0.000499963760375977
0.000539064407348633
0.000541925430297852
0.000560998916625977
0.000515937805175781
0.000524044036865234
0.000525951385498047
0.000535011291503906
0.000514984130859375
0.00052189826965332
0.000864982604980469
0.000910043716430664
0.000884056091308594
0.000845909118652344
0.00082707405090332
0.000880956649780273
0.000848054885864258
0.000854015350341797
0.000838041305541992
0.000833988189697266
0.000814914703369141
0.000735998153686523
0.000739812850952148
0.000751972198486328
0.000746011734008789
0.000722885131835938
0.000777006149291992
0.000726938247680664
0.000791072845458984
0.000730037689208984
0.000572919845581055
0.000600099563598633
0.000548839569091797
0.000581026077270508
0.000566959381103516
0.000566959381103516
0.000542879104614258
0.000546932220458984
0.000562906265258789
0.000611066818237305
0.000686168670654297
0.000720977783203125
0.000684976577758789
0.000693082809448242
0.000725030899047852
0.000671148300170898
0.0007171630859375
0.000702142715454102
0.000705957412719727
0.000728130340576172
0.000748872756958008
0.000818014144897461
0.000849008560180664
0.000910043716430664
0.000882863998413086
0.000838994979858398
0.000846147537231445
0.000960111618041992
0.000833988189697266
0.000866174697875977
0.000921010971069336
0.000834941864013672
0.000755071640014648
0.000762939453125
0.000749111175537109
0.000753879547119141
0.00077509880065918
0.000772953033447266
0.000810146331787109
0.000744819641113281
0.000716924667358398
0.000726938247680664
0.000730991363525391
0.000722885131835938
0.000738859176635742
0.000749111175537109
0.000767946243286133
0.000725030899047852
0.000756025314331055
0.000725984573364258
0.000652074813842773
0.000656843185424805
0.000658988952636719
0.000648975372314453
0.000663042068481445
0.000668048858642578
0.000631809234619141
0.000658035278320312
0.000667810440063477
0.000633955001831055
0.000583887100219727
0.000699996948242188
0.000711917877197266
0.000659942626953125
0.000672817230224609
0.000658988952636719
0.000631093978881836
0.000671148300170898
0.000624895095825195
0.000626087188720703
0.000812053680419922
0.000782012939453125
0.000749111175537109
0.000709056854248047
0.000732183456420898
0.00070500373840332
0.000712156295776367
0.000700950622558594
0.000706911087036133
0.000702857971191406
0.000604867935180664
0.000610113143920898
0.000600099563598633
0.000589132308959961
0.000606060028076172
0.000602960586547852
0.00062108039855957
0.000590085983276367
0.00058293342590332
0.000597953796386719
0.000734806060791016
0.000702142715454102
0.000735998153686523
0.000741958618164062
0.000741958618164062
0.000719785690307617
0.000751018524169922
0.000720024108886719
0.000737905502319336
0.000702857971191406
0.000629901885986328
0.00061488151550293
0.000620841979980469
0.000639915466308594
0.00062108039855957
0.000625848770141602
0.000699996948242188
0.0006561279296875
0.000653982162475586
0.000653982162475586
0.000925064086914062
0.000921964645385742
0.000952959060668945
0.000918865203857422
0.000951051712036133
0.000884056091308594
0.000863075256347656
0.00088810920715332
0.000870943069458008
0.000921964645385742
0.000652074813842773
0.000684022903442383
0.000669956207275391
0.000643014907836914
0.000628948211669922
0.000635147094726562
0.000663042068481445
0.000627040863037109
0.000624895095825195
0.000651836395263672
0.000891923904418945
0.000880002975463867
0.000837802886962891
0.000885009765625
0.000880002975463867
0.000890016555786133
0.000862836837768555
0.000887870788574219
0.00086212158203125
0.000880956649780273
0.000676870346069336
0.000710010528564453
0.000712156295776367
0.000769138336181641
0.000864982604980469
0.000805139541625977
0.000817060470581055
0.000800132751464844
0.000815868377685547
0.000821828842163086
0.000672101974487305
0.000797033309936523
0.000622034072875977
0.00064396858215332
0.000633001327514648
0.000602960586547852
0.000591039657592773
0.000622987747192383
0.000608921051025391
0.000598907470703125
0.000633955001831055
0.000620841979980469
0.000631093978881836
0.000633955001831055
0.000651121139526367
0.000643014907836914
0.000624895095825195
0.00062108039855957
0.000638961791992188
0.000631093978881836
0.000817060470581055
0.000808954238891602
0.000806093215942383
0.000790834426879883
0.000790119171142578
0.000805854797363281
0.000778913497924805
0.000813007354736328
0.000795841217041016
0.000798940658569336
0.000627040863037109
0.000591039657592773
0.000588893890380859
0.000590085983276367
0.000586032867431641
0.000576972961425781
0.000591039657592773
0.000653982162475586
0.0005950927734375
0.000612974166870117
0.000802040100097656
0.000775814056396484
0.00075984001159668
0.000792026519775391
0.000779867172241211
0.00073695182800293
0.000706911087036133
0.000723123550415039
0.000720977783203125
0.000729084014892578
0.000627040863037109
0.000576019287109375
0.000563859939575195
0.00059199333190918
0.000555038452148438
0.000604867935180664
0.000567913055419922
0.00059199333190918
0.000540971755981445
0.000557899475097656
0.000686883926391602
0.000684022903442383
0.000689983367919922
0.00064396858215332
0.000716924667358398
0.000670909881591797
0.000713109970092773
0.000679969787597656
0.000681877136230469
0.000664949417114258
0.0010528564453125
0.00113010406494141
0.00110006332397461
0.0011448860168457
0.00115609169006348
0.0011439323425293
0.00114703178405762
0.00122594833374023
0.001190185546875
0.0011909008026123
0.000761985778808594
0.000791788101196289
0.000806093215942383
0.0007171630859375
0.000702857971191406
0.000741004943847656
0.000715970993041992
0.000730991363525391
0.000752925872802734
0.000704050064086914
0.000645160675048828
0.000660896301269531
0.000662088394165039
0.000625133514404297
0.000633001327514648
0.000636816024780273
0.000640153884887695
0.000622987747192383
0.00063014030456543
0.000624179840087891
0.000791072845458984
0.000777006149291992
0.000823974609375
0.000817060470581055
0.000766992568969727
0.00079798698425293
0.000791072845458984
0.000805139541625977
0.000812053680419922
0.000776052474975586
0.000776052474975586
0.000791072845458984
0.000797033309936523
0.00082087516784668
0.000792980194091797
0.000828981399536133
0.00092005729675293
0.000897884368896484
0.000876903533935547
0.000854969024658203
0.00129508972167969
0.00115585327148438
0.00111579895019531
0.00109720230102539
0.0010838508605957
0.00118803977966309
0.00112485885620117
0.00111603736877441
0.00110197067260742
0.00110888481140137
0.00111889839172363
0.00110602378845215
0.00117707252502441
0.00110602378845215
0.00108909606933594
0.0010979175567627
0.0010981559753418
0.0010981559753418
0.00107908248901367
0.00110387802124023
0.000808000564575195
0.000746965408325195
0.000779867172241211
0.000773906707763672
0.000762939453125
0.00076603889465332
0.000921010971069336
0.000903129577636719
0.000901937484741211
0.000904083251953125
0.000602006912231445
0.000601053237915039
0.00056910514831543
0.000575780868530273
0.000555992126464844
0.000565052032470703
0.000558853149414062
0.000571966171264648
0.000571966171264648
0.000617027282714844
0.000708103179931641
0.000668048858642578
0.000697851181030273
0.000687122344970703
0.000678062438964844
0.00067591667175293
0.000687122344970703
0.000694036483764648
0.000642061233520508
0.000695228576660156
0.000691890716552734
0.000710010528564453
0.000693082809448242
0.00070500373840332
0.000676155090332031
0.000672101974487305
0.000710964202880859
0.000688791275024414
0.000677108764648438
0.000746011734008789
0.000778913497924805
0.000769138336181641
0.000756025314331055
0.000770092010498047
0.000787973403930664
0.000764131546020508
0.000777006149291992
0.000771045684814453
0.000765085220336914
0.000845909118652344
0.000811100006103516
0.000790119171142578
0.000813007354736328
0.000744104385375977
0.000732898712158203
0.000725984573364258
0.000722169876098633
0.00073695182800293
0.000756025314331055
0.000723838806152344
0.000560998916625977
0.000596046447753906
0.000541925430297852
0.00055694580078125
0.000562906265258789
0.000608921051025391
0.000550985336303711
0.000560998916625977
0.000580072402954102
0.000566005706787109
0.000741004943847656
0.000746011734008789
0.00076603889465332
0.000768899917602539
0.000772953033447266
0.000730991363525391
0.000759124755859375
0.000735998153686523
0.000755071640014648
0.000720977783203125
0.000667095184326172
0.000646114349365234
0.000660896301269531
0.000674962997436523
0.000656843185424805
0.000647068023681641
0.000673055648803711
0.000662088394165039
0.000638961791992188
0.000684022903442383
0.000648021697998047
0.000631093978881836
0.000648021697998047
0.000704050064086914
0.00067591667175293
0.000729799270629883
0.000730037689208984
0.000702142715454102
0.000613927841186523
0.000641107559204102
0.000715017318725586
0.000694036483764648
0.000704050064086914
0.000692129135131836
0.000683069229125977
0.000693082809448242
0.000703096389770508
0.000715970993041992
0.000682830810546875
0.000737905502319336
0.000671863555908203
0.000681161880493164
0.00067591667175293
0.00066685676574707
0.000654935836791992
0.000654935836791992
0.000663042068481445
0.000664949417114258
0.000655889511108398
0.000658035278320312
0.000915050506591797
0.000953197479248047
0.000948190689086914
0.00101780891418457
0.00103211402893066
0.000982999801635742
0.00101494789123535
0.000982999801635742
0.000983953475952148
0.000986099243164062
0.000690937042236328
0.000686168670654297
0.000709056854248047
0.00301408767700195
0.000803947448730469
0.000660896301269531
0.000653982162475586
0.000690937042236328
0.000671148300170898
0.000662088394165039
0.0007781982421875
0.000732898712158203
0.000729084014892578
0.000738859176635742
0.000777006149291992
0.000869035720825195
0.00108599662780762
0.00108790397644043
0.00106692314147949
0.00108003616333008
0.000813007354736328
0.000818014144897461
0.000817060470581055
0.000799894332885742
0.00080418586730957
0.000895977020263672
0.00084686279296875
0.000864982604980469
0.000873088836669922
0.000890016555786133
0.00102090835571289
0.00102400779724121
0.00102400779724121
0.00103998184204102
0.00102591514587402
0.00111603736877441
0.00119686126708984
0.00130200386047363
0.00119996070861816
0.0012359619140625
0.00125694274902344
0.00128388404846191
0.00121498107910156
0.00136899948120117
0.000690937042236328
0.000650167465209961
0.000698089599609375
0.000687122344970703
0.000638008117675781
0.000664949417114258
0.000663995742797852
0.000647783279418945
0.000687122344970703
0.000684976577758789
0.000645875930786133
0.000674962997436523
0.000673055648803711
0.000713825225830078
0.000674962997436523
0.000679969787597656
0.000660181045532227
0.000657796859741211
0.000672101974487305
0.00064396858215332
0.000649929046630859
0.000669956207275391
0.000639915466308594
0.000635862350463867
0.000669002532958984
0.000652790069580078
0.000771999359130859
0.000837802886962891
0.000835895538330078
0.000904083251953125
0.000893115997314453
0.000831842422485352
0.000831842422485352
0.000886917114257812
0.000848054885864258
0.000861167907714844
0.000837087631225586
0.000815153121948242
0.000818967819213867
0.000869035720825195
0.00075221061706543
0.000805854797363281
0.000785112380981445
0.000792980194091797
0.000770092010498047
0.000770092010498047
0.000623941421508789
0.000596046447753906
0.000586986541748047
0.000631093978881836
0.000597953796386719
0.0005950927734375
0.000602960586547852
0.000618934631347656
0.000605106353759766
0.000589132308959961
0.000557184219360352
0.000553131103515625
0.000599861145019531
0.000565052032470703
0.000543117523193359
0.000563859939575195
0.000544071197509766
0.000535964965820312
0.000570058822631836
0.000577926635742188
0.00108790397644043
0.00107407569885254
0.00112295150756836
0.0013120174407959
0.00129294395446777
0.00126099586486816
0.00136303901672363
0.00130009651184082
0.00125813484191895
0.00126194953918457
0.000702142715454102
0.000587940216064453
0.000613927841186523
0.00060582160949707
0.000615119934082031
0.000600099563598633
0.000578880310058594
0.000609159469604492
0.000605106353759766
0.000610828399658203
0.000750064849853516
0.000742912292480469
0.000746965408325195
0.000784158706665039
0.000725030899047852
0.000735998153686523
0.000725030899047852
0.000741004943847656
0.000757932662963867
0.000730037689208984
0.000719070434570312
0.000673770904541016
0.000682830810546875
0.000669956207275391
0.000663042068481445
0.000690937042236328
0.000665903091430664
0.000651121139526367
0.000696897506713867
0.000667095184326172
0.000741958618164062
0.000872135162353516
0.000843048095703125
0.000841140747070312
0.000829219818115234
0.000799179077148438
0.000836849212646484
0.000787019729614258
0.000859975814819336
0.000802993774414062
0.000634193420410156
0.000634908676147461
0.000659942626953125
0.000578165054321289
0.000597953796386719
0.000660181045532227
0.000603199005126953
0.000601053237915039
0.000591039657592773
0.000585079193115234
0.00106000900268555
0.00105595588684082
0.00104498863220215
0.00105190277099609
0.00103306770324707
0.00106692314147949
0.00109100341796875
0.00107192993164062
0.00106406211853027
0.00104713439941406
0.000621795654296875
0.00061798095703125
0.000631809234619141
0.000600099563598633
0.000592947006225586
0.000619888305664062
0.000606060028076172
0.000617027282714844
0.000610113143920898
0.000636100769042969
0.000754117965698242
0.000728130340576172
0.000695943832397461
0.000685930252075195
0.000711917877197266
0.000694036483764648
0.000693082809448242
0.000700950622558594
0.000694036483764648
0.000707864761352539
0.00061798095703125
0.000559091567993164
0.00055694580078125
0.000546932220458984
0.000545978546142578
0.000581026077270508
0.000543832778930664
0.000532150268554688
0.00054621696472168
0.000573158264160156
0.000570058822631836
0.000567913055419922
0.000577926635742188
0.000574111938476562
0.000607967376708984
0.000571012496948242
0.000577211380004883
0.000568151473999023
0.000549793243408203
0.000545024871826172
0.000559091567993164
0.000577926635742188
0.000566005706787109
0.000546932220458984
0.000566005706787109
0.000555992126464844
0.000538825988769531
0.000567913055419922
0.000583887100219727
0.000566005706787109
0.000694036483764648
0.000699996948242188
0.000703096389770508
0.00071406364440918
0.00069117546081543
0.000684976577758789
0.000708103179931641
0.000708103179931641
0.000849008560180664
0.000838041305541992
0.000634908676147461
0.000593185424804688
0.000599145889282227
0.00062108039855957
0.000627040863037109
0.000612020492553711
0.000627994537353516
0.000611066818237305
0.000674962997436523
0.00053715705871582
0.000586986541748047
0.000661849975585938
0.000625133514404297
0.000607967376708984
0.00065302848815918
0.000620126724243164
0.000616073608398438
0.000627994537353516
0.000625133514404297
0.000629901885986328
0.000992774963378906
0.000980854034423828
0.000992059707641602
0.00098109245300293
0.000988960266113281
0.000979185104370117
0.000975847244262695
0.000978946685791016
0.000984907150268555
0.000977039337158203
0.000977993011474609
0.00097203254699707
0.000988960266113281
0.000974893569946289
0.000976085662841797
0.000976085662841797
0.0011599063873291
0.00111889839172363
0.00111007690429688
0.00105118751525879
0.000955820083618164
0.000912904739379883
0.000996112823486328
0.000945091247558594
0.000921964645385742
0.000930070877075195
0.000915050506591797
0.000928878784179688
0.000936031341552734
0.000906944274902344
0.00116109848022461
0.0011439323425293
0.00115180015563965
0.00115084648132324
0.00112795829772949
0.00118184089660645
0.00113797187805176
0.00114798545837402
0.00113487243652344
0.00113606452941895
0.000918865203857422
0.000934123992919922
0.000973939895629883
0.000926971435546875
0.000950813293457031
0.000987052917480469
0.0010828971862793
0.000984907150268555
0.000983953475952148
0.000982999801635742
0.000977039337158203
0.00094914436340332
0.000927925109863281
0.000947952270507812
0.000946998596191406
0.000958919525146484
0.000967979431152344
0.000952005386352539
0.000947952270507812
0.000950098037719727
0.000976085662841797
0.000977993011474609
0.000972986221313477
0.00096583366394043
0.000977993011474609
0.000967979431152344
0.000969886779785156
0.00102019309997559
0.000985860824584961
0.000981807708740234
0.000811100006103516
0.000822067260742188
0.000810146331787109
0.000805854797363281
0.000787019729614258
0.000772953033447266
0.000802993774414062
0.000845193862915039
0.000852823257446289
0.000874996185302734
0.000699996948242188
0.000653982162475586
0.000622987747192383
0.000619173049926758
0.000583887100219727
0.00061488151550293
0.000564098358154297
0.000566959381103516
0.000559091567993164
0.000550985336303711
0.000769138336181641
0.000694036483764648
0.000720024108886719
0.000710010528564453
0.000688076019287109
0.000741004943847656
0.000682830810546875
0.000728130340576172
0.000660181045532227
0.000802040100097656
0.000760078430175781
0.000768899917602539
0.000789880752563477
0.000747919082641602
0.000782012939453125
0.000791072845458984
0.000797033309936523
0.000796079635620117
0.000756025314331055
0.000787019729614258
0.000777006149291992
0.000789165496826172
0.000758171081542969
0.000773906707763672
0.000777959823608398
0.000751972198486328
0.000782966613769531
0.000730991363525391
0.000782966613769531
0.000862836837768555
0.00101900100708008
0.00101590156555176
0.000939130783081055
0.000853061676025391
0.000837087631225586
0.000905036926269531
0.000855922698974609
0.000836849212646484
0.000856161117553711
0.000883102416992188
0.000673055648803711
0.000672817230224609
0.000707864761352539
0.00068211555480957
0.000677824020385742
0.000685930252075195
0.000658988952636719
0.000692844390869141
0.000661134719848633
0.000677108764648438
0.000647783279418945
0.0006561279296875
0.000639915466308594
0.000637054443359375
0.000610828399658203
0.000635147094726562
0.00061798095703125
0.000571966171264648
0.000616788864135742
0.000638008117675781
0.00061798095703125
0.000645875930786133
0.000605106353759766
0.000614166259765625
0.000627994537353516
0.000588178634643555
0.000615119934082031
0.000616073608398438
0.000618934631347656
0.000638961791992188
0.000649929046630859
0.000716924667358398
0.000732898712158203
0.000744104385375977
0.000650882720947266
0.000725030899047852
0.000666141510009766
0.000652074813842773
0.000609874725341797
0.000612020492553711
0.000648021697998047
0.000613212585449219
0.000607967376708984
0.000653982162475586
0.000613927841186523
0.000606060028076172
0.000594854354858398
0.000612020492553711
0.00061488151550293
0.000642061233520508
0.000731945037841797
0.00073695182800293
0.000749111175537109
0.000744819641113281
0.000731945037841797
0.000782966613769531
0.000767946243286133
0.000704050064086914
0.000755071640014648
0.000761032104492188
0.000792026519775391
0.000796079635620117
0.000806808471679688
0.000805139541625977
0.000787973403930664
0.000891923904418945
0.000847816467285156
0.000838994979858398
0.000849008560180664
0.000849008560180664
0.000869035720825195
0.000860929489135742
0.000943899154663086
0.00092315673828125
0.000893831253051758
0.000876903533935547
0.00114297866821289
0.000833988189697266
0.000813961029052734
0.000829935073852539
0.000681877136230469
0.000718116760253906
0.000721931457519531
0.000684022903442383
0.000689029693603516
0.000689983367919922
0.000692129135131836
0.000705957412719727
0.000715017318725586
0.00070500373840332
0.00058293342590332
0.000550985336303711
0.000539064407348633
0.000576019287109375
0.000568151473999023
0.000586032867431641
0.000576972961425781
0.000573873519897461
0.000566959381103516
0.000547885894775391
0.000630855560302734
0.000628948211669922
0.000622987747192383
0.000635147094726562
0.000638961791992188
0.000683069229125977
0.000690937042236328
0.000707864761352539
0.000697135925292969
0.000709056854248047
0.000684976577758789
0.000672817230224609
0.000701904296875
0.000679969787597656
0.00174617767333984
0.000752925872802734
0.000727176666259766
0.000704050064086914
0.000722885131835938
0.000663042068481445
0.000883102416992188
0.000844001770019531
0.000869035720825195
0.000869035720825195
0.000880956649780273
0.000846147537231445
0.000879049301147461
0.000859975814819336
0.000823020935058594
0.000874996185302734
0.000695943832397461
0.000735044479370117
0.000684976577758789
0.000715970993041992
0.000687122344970703
0.000676155090332031
0.000749826431274414
0.00067591667175293
0.000702857971191406
0.000695943832397461
0.00072789192199707
0.000674962997436523
0.000666141510009766
0.000753879547119141
0.000761985778808594
0.00077509880065918
0.000760078430175781
0.000763893127441406
0.000764131546020508
0.000749111175537109
0.000715970993041992
0.000731945037841797
0.000751018524169922
0.000731945037841797
0.000818967819213867
0.00074315071105957
0.000833034515380859
0.00078582763671875
0.000665187835693359
0.000696182250976562
0.000808000564575195
0.000756978988647461
0.000777959823608398
0.000801801681518555
0.00076603889465332
0.000788211822509766
0.000767946243286133
0.000780105590820312
0.000774860382080078
0.000798940658569336
0.000828027725219727
0.000777959823608398
0.000791072845458984
0.000815868377685547
0.000773906707763672
0.000816106796264648
0.000776052474975586
0.000809907913208008
0.000774860382080078
0.000781059265136719
0.000890970230102539
0.000929117202758789
0.000956058502197266
0.000927925109863281
0.000939130783081055
0.000931024551391602
0.000939846038818359
0.000926971435546875
0.000935077667236328
0.000928878784179688
0.000769853591918945
0.000725030899047852
0.000800848007202148
0.000764131546020508
0.000742912292480469
0.000699996948242188
0.00067591667175293
0.000700950622558594
0.00066685676574707
0.000669956207275391
0.000581979751586914
0.000541925430297852
0.000567913055419922
0.000560998916625977
0.000550031661987305
0.000577926635742188
0.000571012496948242
0.000547170639038086
0.000780820846557617
0.000547885894775391
0.000540971755981445
0.000545978546142578
0.000520944595336914
0.000539064407348633
0.000555992126464844
0.000563144683837891
0.000528097152709961
0.00052189826965332
0.000504016876220703
0.000560998916625977
0.000802993774414062
0.000745058059692383
0.000782012939453125
0.000773906707763672
0.000795125961303711
0.000799894332885742
0.000746965408325195
0.000797033309936523
0.000753879547119141
0.000779867172241211
0.000699996948242188
0.000691890716552734
0.000701189041137695
0.000753879547119141
0.000821828842163086
0.000816822052001953
0.000836849212646484
0.000773906707763672
0.000853061676025391
0.000664949417114258
0.000823974609375
0.000816106796264648
0.000806808471679688
0.00082087516784668
0.000836849212646484
0.000813007354736328
0.000825881958007812
0.000799179077148438
0.00079798698425293
0.000847101211547852
0.0011439323425293
0.00112390518188477
0.0011131763458252
0.00111603736877441
0.00111103057861328
0.0010979175567627
0.0010988712310791
0.00115799903869629
0.00118780136108398
0.00120186805725098
0.0012669563293457
0.0012660026550293
0.00124907493591309
0.00125598907470703
0.00125288963317871
0.00136613845825195
0.00100207328796387
0.00100398063659668
0.000963926315307617
0.00089716911315918
0.000963211059570312
0.000921010971069336
0.000946044921875
0.000930070877075195
0.000951051712036133
0.000957965850830078
0.00092315673828125
0.000926971435546875
0.000977993011474609
0.000882148742675781
0.000648975372314453
0.000612020492553711
0.000627040863037109
0.000597000122070312
0.000633955001831055
0.000627040863037109
0.000633001327514648
0.000629901885986328
0.000638961791992188
0.000677108764648438
0.000833034515380859
0.000805139541625977
0.000802993774414062
0.000802993774414062
0.000813007354736328
0.000813961029052734
0.000812053680419922
0.000803947448730469
0.000791072845458984
0.000807046890258789
0.000693798065185547
0.000725984573364258
0.00082707405090332
0.000789880752563477
0.000807046890258789
0.000763893127441406
0.000689983367919922
0.00067901611328125
0.000674009323120117
0.000663995742797852
0.000676155090332031
0.000697851181030273
0.000686168670654297
0.000678777694702148
0.000693798065185547
0.00067901611328125
0.000724077224731445
0.00109100341796875
0.00107884407043457
0.00106596946716309
0.000841140747070312
0.000833988189697266
0.000842809677124023
0.000808000564575195
0.000829935073852539
0.000846147537231445
0.00087285041809082
0.000900983810424805
0.000916957855224609
0.000902891159057617
0.00118708610534668
0.00114107131958008
0.00115394592285156
0.00112700462341309
0.00117397308349609
0.00133299827575684
0.00146794319152832
0.00142312049865723
0.00139188766479492
0.00149798393249512
0.00135183334350586
0.00132012367248535
0.00182986259460449
0.0027930736541748
0.00288701057434082
0.00288915634155273
0.00295305252075195
0.00290799140930176
0.00290989875793457
0.00304579734802246
0.00289702415466309
0.00294899940490723
0.00300407409667969
0.00293111801147461
0.00289201736450195
0.00290393829345703
0.00290703773498535
0.00291013717651367
0.00292682647705078
0.00293707847595215
0.00304698944091797
0.00304794311523438
0.00302791595458984
0.00289797782897949
0.00290989875793457
0.00290584564208984
0.00287294387817383
0.0028841495513916
0.00288701057434082
0.00304889678955078
0.00332784652709961
0.00333404541015625
0.00326681137084961
0.00319099426269531
0.00334405899047852
0.00326919555664062
0.00318598747253418
0.00335216522216797
0.00329899787902832
0.00329899787902832
0.00361394882202148
0.00368499755859375
0.00357198715209961
0.00368118286132812
0.00370311737060547
0.00367307662963867
0.00361490249633789
0.00371813774108887
0.0036919116973877
0.00365591049194336
0.00248599052429199
0.00262999534606934
0.00265288352966309
0.00253200531005859
0.00259709358215332
0.00263881683349609
0.0025019645690918
0.00268101692199707
0.00262212753295898
0.00252008438110352
0.00261592864990234
0.00268101692199707
0.00253200531005859
0.00260186195373535
0.00265097618103027
0.00254702568054199
0.00258493423461914
0.00268197059631348
0.00264692306518555
0.0026850700378418
0.00281214714050293
0.00281381607055664
0.00282502174377441
0.00281786918640137
0.0028378963470459
0.0028069019317627
0.00268793106079102
0.0026240348815918
0.00277614593505859
0.00285696983337402
0.00261402130126953
0.00264096260070801
0.00254607200622559
0.00261497497558594
0.00250005722045898
0.00256896018981934
0.00261807441711426
0.00246596336364746
0.00262212753295898
0.00264501571655273
0.00237703323364258
0.00251603126525879
0.00236105918884277
0.00251293182373047
0.00246596336364746
0.00247406959533691
0.00239086151123047
0.00246596336364746
0.0023798942565918
0.00249910354614258
0.00384402275085449
0.00373315811157227
0.00384092330932617
0.00382494926452637
0.00377202033996582
0.00383806228637695
0.00381278991699219
0.00384998321533203
0.00382900238037109
0.00384998321533203
0.00489592552185059
0.00479507446289062
0.00472593307495117
0.00469112396240234
0.00483202934265137
0.00487279891967773
0.00486183166503906
0.00480389595031738
0.00483393669128418
0.00485086441040039
0.00309610366821289
0.0031890869140625
0.0031130313873291
0.00303411483764648
0.00316405296325684
0.00305294990539551
0.00309610366821289
0.00315308570861816
0.0031280517578125
0.0029911994934082
0.00247097015380859
0.00258111953735352
0.0025629997253418
0.00241398811340332
0.00268316268920898
0.00258398056030273
0.00260186195373535
0.0026099681854248
0.0024869441986084
0.00256204605102539
0.00264787673950195
0.00250816345214844
0.00260210037231445
0.00266194343566895
0.00254607200622559
0.00256919860839844
0.00267386436462402
0.00251221656799316
0.00261712074279785
0.00266599655151367
0.00306892395019531
0.00310397148132324
0.0031888484954834
0.00312185287475586
0.00303506851196289
0.00302600860595703
0.00302314758300781
0.00315594673156738
0.00320196151733398
0.0031120777130127
0.00346183776855469
0.00362396240234375
0.00361800193786621
0.0034329891204834
0.00356483459472656
0.00350308418273926
0.0036768913269043
0.00359606742858887
0.00351500511169434
0.00354290008544922
0.00344085693359375
0.00340509414672852
0.00347399711608887
0.00333189964294434
0.0067451000213623
0.00340414047241211
0.00339293479919434
0.0032958984375
0.00347495079040527
0.00344514846801758
0.00339198112487793
0.00329208374023438
0.00339198112487793
0.00335502624511719
0.00338506698608398
0.00333118438720703
0.0032651424407959
0.00340795516967773
0.0032200813293457
0.00343799591064453
0.00264692306518555
0.00261998176574707
0.00259304046630859
0.0025022029876709
0.00261998176574707
0.00260305404663086
0.00246906280517578
0.00266814231872559
0.00250005722045898
0.00257611274719238
0.00289297103881836
0.00284695625305176
0.00285816192626953
0.00275397300720215
0.00281310081481934
0.00270199775695801
0.00278902053833008
0.00282597541809082
0.00283503532409668
0.00285196304321289
0.0041358470916748
0.00425601005554199
0.00410699844360352
0.00410819053649902
0.0040900707244873
0.00415682792663574
0.00411391258239746
0.00399398803710938
0.0040130615234375
0.00415802001953125
0.00427508354187012
0.00416684150695801
0.0040738582611084
0.00403094291687012
0.00416016578674316
0.00423598289489746
0.00423884391784668
0.00415492057800293
0.00416398048400879
0.00422286987304688
0.00412893295288086
0.00406718254089355
0.00420999526977539
0.00427508354187012
0.00421595573425293
0.00419497489929199
0.00414085388183594
0.00423097610473633
0.0040581226348877
0.00410294532775879
0.00397300720214844
0.00405001640319824
0.00393295288085938
0.00394701957702637
0.00398015975952148
0.0039980411529541
0.00400185585021973
0.00397181510925293
0.00402998924255371
0.00395011901855469
0.00400710105895996
0.00398993492126465
0.00398898124694824
0.00401401519775391
0.00411796569824219
0.00417184829711914
0.00420022010803223
0.00408601760864258
0.00402212142944336
0.00400400161743164
0.00415301322937012
0.00422000885009766
0.00417304039001465
0.00411510467529297
0.00416898727416992
0.00420188903808594
0.00417590141296387
0.00405502319335938
0.00409698486328125
0.00414085388183594
0.00407600402832031
0.0040128231048584
0.00403785705566406
0.00392985343933105
0.00391817092895508
0.00394606590270996
0.00390315055847168
0.00393295288085938
0.00409579277038574
0.00401782989501953
0.00451421737670898
0.00442290306091309
0.00450491905212402
0.00436520576477051
0.00466299057006836
0.0043950080871582
0.00448894500732422
0.00438404083251953
0.00450396537780762
0.00436902046203613
0.00461196899414062
0.00463199615478516
0.00446581840515137
0.00463199615478516
0.00459980964660645
0.00446009635925293
0.00461483001708984
0.00451898574829102
0.00461792945861816
0.00456094741821289
0.00414013862609863
0.00425601005554199
0.00420308113098145
0.00411105155944824
0.00415706634521484
0.00426888465881348
0.00424408912658691
0.00410199165344238
0.0040888786315918
0.004241943359375
0.00318622589111328
0.0030829906463623
0.00314712524414062
0.00328803062438965
0.00321292877197266
0.00319409370422363
0.00321102142333984
0.0032658576965332
0.00311088562011719
0.00309419631958008
0.00256800651550293
0.00242495536804199
0.00268101692199707
0.00247001647949219
0.00257706642150879
0.00263690948486328
0.00244903564453125
0.00256991386413574
0.00258207321166992
0.00246500968933105
0.00318813323974609
0.00304698944091797
0.00301289558410645
0.00304603576660156
0.00318813323974609
0.00307607650756836
0.00319004058837891
0.00309395790100098
0.0030519962310791
0.00303792953491211
0.00389599800109863
0.00391912460327148
0.00394701957702637
0.0039370059967041
0.00396394729614258
0.00390100479125977
0.00395894050598145
0.00391817092895508
0.00390815734863281
0.00390386581420898
0.0030369758605957
0.00298285484313965
0.00310015678405762
0.00304985046386719
0.0030219554901123
0.00297212600708008
0.00293302536010742
0.0029289722442627
0.00294399261474609
0.00293803215026855
0.00247812271118164
0.00237488746643066
0.00241804122924805
0.00248003005981445
0.00231409072875977
0.002471923828125
0.0023350715637207
0.00248098373413086
0.00232195854187012
0.00249099731445312
0.00450587272644043
0.00466394424438477
0.00463700294494629
0.00455498695373535
0.00457501411437988
0.0045769214630127
0.00447702407836914
0.00461506843566895
0.00461006164550781
0.00460505485534668
0.0038750171661377
0.00386214256286621
0.00384783744812012
0.00388479232788086
0.00383186340332031
0.0038449764251709
0.00386691093444824
0.00388503074645996
0.00385594367980957
0.00374102592468262
0.00398993492126465
0.00399899482727051
0.00402092933654785
0.00416207313537598
0.0041191577911377
0.00414299964904785
0.00412702560424805
0.00397992134094238
0.00400209426879883
0.00399494171142578
0.00238609313964844
0.00250482559204102
0.00247502326965332
0.00245213508605957
0.00250792503356934
0.00239205360412598
0.00248098373413086
0.00233912467956543
0.00249409675598145
0.00237798690795898
0.00484013557434082
0.00385594367980957
0.00116086006164551
0.00110411643981934
0.00113105773925781
0.00110101699829102
0.00104093551635742
0.00107097625732422
0.0010378360748291
0.00104880332946777
0.000594854354858398
0.000571012496948242
0.000581026077270508
0.000536918640136719
0.000547885894775391
0.000555992126464844
0.000586986541748047
0.000542879104614258
0.000566959381103516
0.000566005706787109
0.00055694580078125
0.000564098358154297
0.000560998916625977
0.000547885894775391
0.000555992126464844
0.000574111938476562
0.000561952590942383
0.000574111938476562
0.000636816024780273
0.000632047653198242
0.000725030899047852
0.000721931457519531
0.00074005126953125
0.000756025314331055
0.000734090805053711
0.000723123550415039
0.00074005126953125
0.000787019729614258
0.000860214233398438
0.000838041305541992
0.000793218612670898
0.000823974609375
0.000806093215942383
0.000833988189697266
0.000735998153686523
0.000760078430175781
0.000741004943847656
0.000753164291381836
0.000753164291381836
0.000683069229125977
0.000620841979980469
0.000642061233520508
0.000616073608398438
0.000607967376708984
0.000624895095825195
0.000633955001831055
0.000644922256469727
0.000606060028076172
0.000584840774536133
0.000627040863037109
0.000542163848876953
0.000564098358154297
0.000550031661987305
0.000529050827026367
0.00056004524230957
0.000535011291503906
0.000558853149414062
0.000535011291503906
0.000548839569091797
0.000536918640136719
0.000634908676147461
0.000660896301269531
0.000761032104492188
0.000722885131835938
0.000735998153686523
0.000733852386474609
0.000746011734008789
0.000733137130737305
0.000724077224731445
0.000735044479370117
0.000819921493530273
0.000805139541625977
0.000895023345947266
0.000862836837768555
0.000912904739379883
0.000873804092407227
0.000787973403930664
0.000777006149291992
0.000778913497924805
0.000735998153686523
0.000764846801757812
0.000763893127441406
0.00073695182800293
0.000744104385375977
0.000755786895751953
0.000746011734008789
0.00082707405090332
0.000749826431274414
0.000746965408325195
0.000782012939453125
0.000654220581054688
0.000680208206176758
0.000663995742797852
0.000655889511108398
0.000646829605102539
0.000661134719848633
0.000663995742797852
0.000668048858642578
0.000661134719848633
0.000665187835693359
0.000689983367919922
0.000767946243286133
0.000800848007202148
0.000782966613769531
0.000776052474975586
0.000799894332885742
0.000767946243286133
0.000794887542724609
0.000781059265136719
0.000773191452026367
0.00090789794921875
0.000886917114257812
0.000973939895629883
0.00091099739074707
0.000926971435546875
0.000891923904418945
0.000832080841064453
0.000877857208251953
0.00082087516784668
0.000823020935058594
0.00104308128356934
0.000983953475952148
0.000997066497802734
0.000970125198364258
0.0010688304901123
0.00134897232055664
0.00135087966918945
0.00137996673583984
0.00134086608886719
0.00133395195007324
0.00145101547241211
0.00153899192810059
0.00149917602539062
0.00144195556640625
0.00144815444946289
0.00141596794128418
0.00142288208007812
0.00139403343200684
0.00171995162963867
0.00168395042419434
0.000636100769042969
0.000624895095825195
0.000625133514404297
0.000625848770141602
0.000602960586547852
0.000625133514404297
0.000589132308959961
0.000628948211669922
0.000609874725341797
0.000607967376708984
0.000609159469604492
0.000576019287109375
0.000843048095703125
0.000880002975463867
0.000885009765625
0.000908851623535156
0.000884056091308594
0.000903844833374023
0.000885963439941406
0.000925064086914062
0.00103306770324707
0.00105619430541992
0.00118684768676758
0.0011601448059082
0.00114202499389648
0.0012059211730957
0.00119400024414062
0.00117802619934082
0.00117897987365723
0.0011441707611084
0.00174212455749512
0.00182008743286133
0.00180816650390625
0.00186705589294434
0.00182294845581055
0.0015559196472168
0.000893115997314453
0.000867128372192383
0.000877857208251953
0.000874042510986328
0.000771999359130859
0.00074005126953125
0.000777959823608398
0.00077509880065918
0.000770092010498047
0.000782012939453125
0.000789165496826172
0.000761032104492188
0.000765085220336914
0.000749826431274414
0.000737905502319336
0.000713825225830078
0.000694990158081055
0.00067901611328125
0.000715970993041992
0.000689029693603516
0.000696182250976562
0.000667095184326172
0.000679969787597656
0.000674009323120117
0.00202703475952148
0.00124406814575195
0.00117397308349609
0.00117397308349609
0.00113296508789062
0.00112295150756836
0.00110888481140137
0.00107002258300781
0.00106287002563477
0.00107312202453613
0.000594139099121094
0.000584840774536133
0.000555992126464844
0.000576019287109375
0.000575065612792969
0.000560998916625977
0.000573873519897461
0.000598907470703125
0.000565052032470703
0.000602006912231445
0.000815868377685547
0.000797033309936523
0.000823974609375
0.000805139541625977
0.0007781982421875
0.000791788101196289
0.000784158706665039
0.000769138336181641
0.000787019729614258
0.000757932662963867
0.000836849212646484
0.00082707405090332
0.000828027725219727
0.000830888748168945
0.000845909118652344
0.000889062881469727
0.000864028930664062
0.000967025756835938
0.000931024551391602
0.000917911529541016
0.000613927841186523
0.000611066818237305
0.000607967376708984
0.000586986541748047
0.000577926635742188
0.000587940216064453
0.000566959381103516
0.000585079193115234
0.00059199333190918
0.000617027282714844
0.000728130340576172
0.00067901611328125
0.000687837600708008
0.000693082809448242
0.000677824020385742
0.000651121139526367
0.000652790069580078
0.00067901611328125
0.00065302848815918
0.000672817230224609
0.00076603889465332
0.000754117965698242
0.000753879547119141
0.000741958618164062
0.00077509880065918
0.000750064849853516
0.000778913497924805
0.000743865966796875
0.000730991363525391
0.000793933868408203
0.000620841979980469
0.000615835189819336
0.000642061233520508
0.00061798095703125
0.000599861145019531
0.000641107559204102
0.000634908676147461
0.000648975372314453
0.000644207000732422
0.000638008117675781
0.000737905502319336
0.000704050064086914
0.000650882720947266
0.000663042068481445
0.000684976577758789
0.000661134719848633
0.00069880485534668
0.000707864761352539
0.000664949417114258
0.000688076019287109
0.000772953033447266
0.000844955444335938
0.000905990600585938
0.00074315071105957
0.00070500373840332
0.000744104385375977
0.000728130340576172
0.000737190246582031
0.000730991363525391
0.000703096389770508
0.000744104385375977
0.000698089599609375
0.000741958618164062
0.000689029693603516
0.000733137130737305
0.000684976577758789
0.000683069229125977
0.000726938247680664
0.000710964202880859
0.000706911087036133
0.000604152679443359
0.000640869140625
0.00061798095703125
0.000620126724243164
0.000625133514404297
0.000618934631347656
0.000627040863037109
0.000611066818237305
0.000633001327514648
0.000615119934082031
0.000690937042236328
0.000676870346069336
0.000700950622558594
0.000684976577758789
0.000728845596313477
0.000705957412719727
0.000694036483764648
0.000686168670654297
0.000697135925292969
0.000697135925292969
0.00062108039855957
0.000622034072875977
0.000615119934082031
0.000595808029174805
0.000782966613769531
0.000705957412719727
0.000532150268554688
0.000538825988769531
0.000549077987670898
0.000622034072875977
0.000555992126464844
0.00054478645324707
0.000583887100219727
0.000566959381103516
0.000551939010620117
0.000590085983276367
0.000553131103515625
0.000568866729736328
0.000537872314453125
0.00055694580078125
0.000691890716552734
0.000679969787597656
0.000679969787597656
0.000689983367919922
0.000661134719848633
0.000678062438964844
0.000696897506713867
0.000681877136230469
0.000724077224731445
0.000692844390869141
0.000608921051025391
0.000640153884887695
0.000610828399658203
0.000600099563598633
0.000641107559204102
0.000621795654296875
0.000655889511108398
0.000663995742797852
0.000683069229125977
0.000737905502319336
0.000681161880493164
0.000676870346069336
0.000687122344970703
0.000684022903442383
0.000687837600708008
0.000735044479370117
0.000660896301269531
0.000653982162475586
0.000658988952636719
0.000668048858642578
0.000951051712036133
0.000941991806030273
0.000869989395141602
0.000849008560180664
0.000887870788574219
0.000880956649780273
0.000871896743774414
0.000865936279296875
0.000879049301147461
0.000897884368896484
0.000886917114257812
0.000853061676025391
0.000867128372192383
0.000881195068359375
0.000863075256347656
0.000847101211547852
0.000868082046508789
0.000863075256347656
0.00088191032409668
0.000866889953613281
0.000854969024658203
0.000880956649780273
0.000890970230102539
0.000884056091308594
0.000869989395141602
0.00102496147155762
0.000972986221313477
0.00101184844970703
0.000950813293457031
0.000993967056274414
0.00094294548034668
0.00094294548034668
0.000967979431152344
0.000875949859619141
0.000928878784179688
0.000922918319702148
0.000884056091308594
0.000863075256347656
0.000860929489135742
0.000859975814819336
0.000953197479248047
0.000944852828979492
0.00094914436340332
0.000943899154663086
0.000931024551391602
0.000938177108764648
0.000935077667236328
0.000931024551391602
0.000932216644287109
0.000928163528442383
0.000998020172119141
0.00103592872619629
0.000982999801635742
0.000987052917480469
0.0009918212890625
0.00098109245300293
0.000979900360107422
0.00117802619934082
0.00116109848022461
0.00112390518188477
0.000663995742797852
0.000628948211669922
0.000658035278320312
0.000663995742797852
0.000608921051025391
0.000699996948242188
0.000637054443359375
0.00060582160949707
0.000596046447753906
0.000658035278320312
0.000741004943847656
0.000777006149291992
0.000744819641113281
0.000759124755859375
0.000760793685913086
0.000689983367919922
0.000730037689208984
0.000751972198486328
0.000735044479370117
0.000744104385375977
0.000596046447753906
0.00062108039855957
0.000607967376708984
0.000612974166870117
0.000609874725341797
0.000586986541748047
0.000629901885986328
0.000597000122070312
0.000602006912231445
0.000638008117675781
0.000844955444335938
0.000828981399536133
0.000806093215942383
0.000844955444335938
0.000835895538330078
0.000838041305541992
0.000825166702270508
0.000900030136108398
0.00103116035461426
0.000957965850830078
0.000739812850952148
0.000751972198486328
0.000774860382080078
0.000756025314331055
0.000767946243286133
0.00075078010559082
0.000720977783203125
0.000658035278320312
0.00070500373840332
0.000669002532958984
0.000619888305664062
0.000623941421508789
0.00061798095703125
0.000638008117675781
0.000656843185424805
0.000615119934082031
0.000606060028076172
0.00065302848815918
0.000615119934082031
0.000607967376708984
0.000729084014892578
0.000756025314331055
0.000731945037841797
0.000730037689208984
0.000719070434570312
0.000721931457519531
0.000719070434570312
0.000744104385375977
0.000718832015991211
0.000730037689208984
0.00061798095703125
0.000651121139526367
0.000631809234619141
0.000607013702392578
0.000645160675048828
0.000664949417114258
0.000637054443359375
0.000644922256469727
0.000672101974487305
0.000703096389770508
0.000760078430175781
0.000739812850952148
0.000725984573364258
0.000739812850952148
0.000720977783203125
0.000782012939453125
0.00071406364440918
0.000709056854248047
0.000743865966796875
0.000686883926391602
0.00067901611328125
0.000658988952636719
0.000686883926391602
0.00068211555480957
0.000676870346069336
0.000664949417114258
0.000686883926391602
0.000715970993041992
0.000672101974487305
0.000651121139526367
0.000925064086914062
0.000885009765625
0.000929832458496094
0.000880002975463867
0.000943899154663086
0.000869035720825195
0.000871896743774414
0.000887870788574219
0.000895977020263672
0.000873088836669922
0.0005950927734375
0.00058293342590332
0.000566005706787109
0.000550031661987305
0.000550031661987305
0.000540018081665039
0.000530004501342773
0.000558853149414062
0.000540018081665039
0.000554800033569336
0.000530004501342773
0.000647068023681641
0.000573873519897461
0.000580072402954102
0.000574111938476562
0.000566959381103516
0.000585079193115234
0.000560998916625977
0.000602960586547852
0.000571966171264648
0.000558137893676758
0.000674009323120117
0.000524044036865234
0.000588893890380859
0.000557184219360352
0.000573158264160156
0.000535011291503906
0.00056004524230957
0.000554084777832031
0.000514984130859375
0.000844001770019531
0.000812053680419922
0.000857114791870117
0.000866889953613281
0.000854969024658203
0.00085902214050293
0.000936985015869141
0.000823974609375
0.000817060470581055
0.00085902214050293
0.000566005706787109
0.000587940216064453
0.000584125518798828
0.000545024871826172
0.000575065612792969
0.000565052032470703
0.000568866729736328
0.00055694580078125
0.000554084777832031
0.000550985336303711
0.000629901885986328
0.000709056854248047
0.000681161880493164
0.000684022903442383
0.000666141510009766
0.000669956207275391
0.000686168670654297
0.000743865966796875
0.000694036483764648
0.000722885131835938
0.000594139099121094
0.000601053237915039
0.000594854354858398
0.000624179840087891
0.000597000122070312
0.00059199333190918
0.000600099563598633
0.000542163848876953
0.000514030456542969
0.000535011291503906
