./10gs/
3.35602
2.98170
3.57692
4.93067
3.03717
3.90665
5.75377
4.14265
5.80146
5.45949
./1a8i/
2.75984
4.63095
4.31358
4.91538
4.85727
4.15070
4.37748
2.67795
4.06998
2.61196
./1a99/
0.14308
3.09557
3.08756
2.66896
3.16960
3.16157
2.57517
0.04946
5.22688
5.22666
./1ax0/
4.30244
5.05429
5.02373
5.66711
5.68828
5.49275
5.05152
2.92099
3.71558
2.74434
./1ax1/
18.70742
16.85735
18.84182
17.85293
5.08939
2.14213
6.30728
5.13090
5.80679
6.26911
./1ax2/
6.47108
4.36167
16.77294
16.99098
6.76096
17.31085
17.72933
16.16936
16.57463
6.12121
./1b6j/
11.27098
11.32489
12.20429
11.15788
6.89751
6.56924
4.69327
3.41826
7.27695
8.18130
./1b6l/
8.51230
14.80619
15.88889
4.17678
9.86514
10.43056
8.49410
2.02914
14.09314
15.20334
./1b6m/
9.98382
3.48537
9.58043
9.26604
9.82968
3.45644
5.08807
10.43048
10.04260
4.14998
./1bcj/
16.44313
16.16068
15.83717
18.07317
5.47573
3.28886
4.32499
5.22215
4.44537
4.98101
./1bky/
12.85577
24.97735
3.54608
3.25953
17.16520
13.32613
12.75557
24.93094
25.48284
2.66883
./1d4i/
10.89764
4.61225
10.91640
4.97503
10.29704
2.08227
10.44710
10.63912
2.01420
10.76620
./1d4j/
7.45818
7.65076
5.06545
5.57173
1.79178
6.53844
6.38922
6.63844
6.66651
3.20390
./1duv/
2.75450
7.92052
8.18080
8.23957
8.20606
8.08749
8.40533
3.22886
2.68897
3.11529
./1dy4/
4.85414
2.30120
4.04262
8.85147
5.62928
6.28432
9.36378
2.95280
7.94572
7.58059
./1e2k/
2.06710
3.02508
12.03235
3.51018
2.08701
11.82221
2.71856
11.89247
2.41836
12.43844
./1eby/
17.23921
6.88633
16.95503
7.17079
19.95502
26.78748
19.96392
13.65031
2.20835
13.05280
./1ebz/
3.81798
5.82204
12.33966
9.42662
4.88930
12.93585
10.07798
10.77062
7.55994
7.56470
./1ec0/
5.92685
5.93834
4.26934
7.14497
0.39760
4.17429
4.92911
4.18755
4.98609
6.74018
./1ec1/
8.52533
9.17297
8.86101
8.55169
2.76938
15.57582
4.09470
15.85197
4.54586
15.84294
./1ec2/
10.07453
7.18037
2.20178
2.53944
8.72069
9.91051
9.75931
6.91116
6.96654
1.45212
./1enu/
2.90744
4.76137
3.75128
4.00278
3.85304
2.05252
4.79410
4.47218
2.87117
5.15534
./1f74/
3.01451
3.00493
3.51293
4.74570
1.65258
3.06655
5.65051
3.13250
6.00246
5.35465
./1fcx/
2.30858
16.46504
17.32189
18.29868
16.29479
17.42179
18.11005
16.52533
8.47039
16.53016
./1fh8/
5.48701
6.13546
5.50780
6.96852
6.40847
5.97488
6.26067
2.20691
5.25438
5.54029
./1fh9/
5.93916
2.22353
7.63285
2.70086
6.17574
6.98270
5.76825
7.47184
2.13023
7.82367
./1fhd/
5.61118
6.51542
2.19352
5.72752
7.36417
6.06489
2.09270
6.09695
7.38166
6.10887
./1g2k/
2.14431
10.56885
2.52253
10.37666
11.11856
2.01395
10.69357
11.67570
6.25913
11.34907
./1gi9/
3.24212
6.91267
7.95571
7.22093
7.11140
8.14474
7.32822
6.83165
3.39167
4.69256
./1gj8/
5.32658
8.29534
3.96192
6.53505
8.21963
2.99761
3.38637
8.10441
8.20989
2.79827
./1gja/
1.58406
1.57538
2.43191
4.89990
2.15439
2.32814
5.12091
1.99329
4.89486
5.34684
./1gjd/
2.26442
5.42426
8.45303
11.06729
5.17078
9.56420
11.38907
10.78100
11.78082
6.23345
./1gpk/
3.59968
4.72691
4.87983
3.68736
4.78564
4.46248
2.50913
3.53281
4.56672
4.41895
./1gww/
4.92992
2.84228
4.86574
4.52438
4.15217
3.60341
3.83665
4.76303
4.61333
3.63320
./1gx0/
2.33244
1.96771
2.66261
8.54300
2.18765
2.35794
8.27946
3.05471
8.45345
7.83679
./1gyy/
4.72709
2.00392
5.51552
1.99425
4.12451
4.81816
4.32848
4.86638
0.90759
4.82109
./1gz9/
2.51371
4.21353
2.66204
5.98242
2.78040
3.16743
5.53935
3.53589
5.30845
5.46634
./1gzc/
6.35021
5.84430
6.22382
2.53307
5.94349
2.77430
5.84582
5.81345
4.85669
6.26559
./1h22/
6.98398
5.92493
6.31019
6.45630
2.86771
3.42125
3.85075
4.17671
3.73435
3.28185
./1h23/
6.55733
5.55421
6.39510
5.09045
4.19394
4.26145
4.71421
4.29252
2.35167
3.47690
./1h46/
7.13153
7.17692
6.80126
2.71437
2.51425
1.87478
6.84964
3.14190
7.49492
6.45359
./1ha2/
9.61631
2.05209
19.08345
6.03207
9.44689
15.70814
7.36727
19.01793
6.35469
18.27165
./1hnn/
13.92725
14.15185
11.11652
2.16352
2.17896
3.93013
13.95901
4.02675
14.27837
11.10135
./1i7z/
3.31316
2.99531
2.57069
6.83686
1.60003
3.03098
6.88141
3.25363
7.02676
7.23751
./1iup/
13.01089
2.87025
13.95565
10.33608
12.76793
2.23974
8.83844
13.86225
9.67668
10.10101
./1iy7/
0.86950
2.55846
7.06083
1.90600
2.55774
7.00284
2.07120
6.06811
3.52843
7.86416
./1jgl/
5.31118
6.62971
3.62487
4.36953
6.22274
3.43981
2.18346
6.41019
6.68953
3.41339
./1kzk/
4.22700
2.03083
2.11408
20.80584
4.38602
4.46275
20.51279
2.02192
19.84762
19.77710
./1lhw/
7.06215
5.19463
4.98995
9.51952
6.98129
7.36586
9.78360
3.04032
8.23135
8.05777
./1lnm/
7.47503
2.23683
7.73446
2.34329
7.53146
3.25387
7.58898
7.63571
3.08975
7.92051
./1lrh/
5.33087
4.32272
3.35578
3.34039
3.37600
4.94862
4.44194
4.69204
5.18152
2.98982
./1nc1/
7.23247
6.99520
3.95307
5.75222
2.13418
7.29469
4.78832
7.08427
5.14336
5.81099
./1nc3/
13.09152
16.26575
12.11639
14.70768
7.26418
3.90437
7.62729
9.85169
5.68494
9.57475
./1nli/
3.25810
4.18556
2.82438
2.41810
3.29699
2.55103
2.95431
4.10671
3.15141
2.81243
./1nw5/
14.08888
2.02943
2.21802
3.79594
13.80884
13.87737
14.29945
2.62016
2.97663
2.66161
./1o5a/
4.03274
12.50444
8.48787
2.84694
14.60479
8.46555
1.67007
11.56567
13.61426
8.44606
./1o5r/
4.11706
4.54637
3.78122
8.22715
5.30885
2.14152
7.77217
5.95554
7.12828
8.31027
./1ow4/
4.79611
3.33416
5.15154
5.34533
4.91779
3.37769
5.31225
4.93766
6.19694
4.97810
./1p1n/
4.01928
3.97502
4.04366
2.99942
3.80335
4.44329
3.70546
3.57263
2.49690
3.78182
./1p1o/
2.24849
4.95915
11.65415
5.00649
5.06159
12.01295
4.51256
12.41752
2.61372
12.71362
./1ps3/
5.61603
2.23513
4.24214
7.00384
4.85894
3.93409
4.05902
2.55172
5.87524
5.27937
./1pxp/
6.43819
7.81994
1.75003
1.65711
8.21955
6.47317
6.37175
7.91764
7.89213
0.31602
./1q0y/
17.59197
19.25668
17.71425
18.68657
5.21448
4.40086
4.24958
4.71234
3.99307
3.44945
./1q4w/
5.23203
2.84011
4.66026
4.59142
4.31557
2.60055
3.93328
5.01906
3.72297
4.14107
./1q6e/
3.57542
2.91170
2.40257
6.56484
4.22919
3.01370
5.89743
3.47834
6.63044
6.20820
./1q6g/
2.43984
3.60425
6.61856
2.53416
3.02639
6.19601
3.36164
5.96012
3.99439
6.47300
./1q72/
1.47839
6.04026
6.88214
3.52590
5.79684
6.25074
3.80691
5.61858
5.76594
7.53542
./1qkt/
1.35911
2.75211
6.31760
6.41842
2.66621
6.41285
6.40894
6.66105
6.40641
2.72313
./1qxl/
6.09558
2.14799
10.55667
5.42546
5.17999
8.93729
1.89491
10.52222
4.42387
9.33129
./1r5y/
4.97279
4.80059
4.42638
5.43886
4.35416
4.02229
4.74711
4.96916
4.95055
1.44106
./1rdi/
3.50072
3.06015
3.39146
4.22420
3.15056
2.87403
2.93062
3.84136
3.57741
3.00791
./1rdn/
13.25967
15.49291
4.38560
5.21806
22.13337
13.55431
14.54935
16.66168
14.46195
6.18421
./1s38/
3.81537
5.02085
5.96238
5.33690
2.98669
6.09765
5.52969
4.77345
3.90965
3.08867
./1s39/
3.86999
2.47669
11.99845
6.03899
3.83952
11.18846
5.98519
10.40779
5.03456
11.00721
./1s50/
4.47114
3.86204
4.30987
3.05859
3.29144
2.74317
3.50746
3.74254
4.33587
2.26016
./1s7y/
14.17563
16.90139
17.09377
16.95526
29.68543
29.99047
29.81806
4.12610
1.99201
4.38162
./1s9t/
17.55392
17.00764
15.26381
16.31386
3.94678
4.92457
2.40754
4.62107
3.31620
5.02416
./1sr7/
2.37757
13.97530
14.48512
15.38673
13.83811
14.25040
15.56811
2.36189
7.06824
7.31868
./1sw1/
2.97512
2.13299
3.53928
3.04680
2.94020
2.54973
2.36227
3.06637
3.46463
2.19153
./1swk/
14.80992
2.99728
13.71498
5.60383
13.42625
2.13104
14.20690
12.64755
5.13069
13.34814
./1syh/
21.75375
21.92680
9.81406
22.21735
2.03593
27.27158
4.90296
27.30146
4.86706
27.45232
./1syi/
14.05000
14.45020
1.98227
14.11344
5.46425
14.56907
5.01411
15.03767
2.96652
14.78151
./1tog/
4.53822
11.03359
12.65465
4.31154
11.20480
12.21740
3.07977
2.99149
11.50045
12.41776
./1toi/
1.50049
4.82411
4.29917
4.50122
4.78526
4.18093
4.63980
3.06234
3.48616
4.70990
./1toj/
4.81016
4.72942
3.31639
4.00184
1.00813
4.60568
4.50029
4.64873
4.38471
1.59340
./1tok/
0.04471
2.11471
12.79821
12.88047
2.10506
12.79507
12.87776
12.71689
12.80883
0.47025
./1tr7/
2.16138
2.88057
3.41658
2.29889
3.68629
4.73058
3.04431
2.73557
2.85607
3.12032
./1tt1/
4.41002
4.40846
4.44756
4.46248
4.23223
3.14673
3.94493
3.24688
4.23940
2.84668
./1txf/
2.20364
4.15932
4.58515
3.93037
3.92213
4.17571
4.02319
2.83722
4.34431
3.34919
./1u1w/
2.45369
3.38495
17.68595
13.14690
3.36395
18.01330
13.85982
18.39246
14.25236
8.93088
./1ua4/
2.83152
3.77666
2.99625
3.10805
3.08186
2.25888
2.05530
3.21723
2.02520
3.01167
./1ugx/
19.67302
15.48496
19.91908
20.20334
6.24902
2.31134
3.75423
6.36090
7.81837
3.74304
./1ui0/
2.87553
3.02775
5.24599
3.79919
2.47603
5.21472
3.83175
5.65604
2.41832
5.46173
./1ukb/
10.59655
11.66991
11.98795
12.92567
18.15197
2.38368
3.52913
19.18386
20.34948
3.31392
./1uld/
7.50122
4.09298
6.75004
3.31679
6.98782
6.80597
9.00830
6.41139
5.79726
6.86782
./1urg/
5.02032
2.85625
6.69079
7.14865
2.38948
8.48244
6.22412
7.53951
6.44007
6.69293
./1usi/
1.57480
16.15309
17.54925
15.36600
15.96313
17.39994
15.16522
4.99923
16.31253
17.29472
./1usk/
1.98871
17.55099
17.96341
12.37984
17.44304
17.75267
12.43064
4.19630
10.64128
10.65952
./1utm/
0.02521
4.03770
4.26443
4.11707
4.03908
4.26712
4.11507
0.77887
1.84309
2.15180
./1uto/
0.03675
13.96166
14.34154
4.21960
13.96617
14.34319
4.22418
3.98123
13.11565
13.14276
./1uwu/
4.39450
4.54750
7.56900
4.46159
4.62587
5.30128
3.50391
6.64772
3.82669
6.60131
./1uz1/
3.60642
9.37154
9.20732
3.23064
7.86838
8.11783
1.93183
3.11717
8.32456
8.72638
./1uz4/
3.00534
3.99524
3.73884
4.71534
2.98056
4.01211
3.49591
4.16320
1.09891
4.41805
./1uzv/
3.47082
2.76954
3.06897
2.55286
2.96597
2.93285
3.52399
2.65438
2.75355
2.69456
./1v0l/
5.46320
6.11668
5.51056
7.13658
6.55007
5.69480
6.20932
2.30187
5.22703
5.58621
./1v1j/
3.97614
1.29486
2.66881
3.56734
3.88043
4.37690
2.69460
2.92055
3.17113
3.92005
./1vot/
4.49144
4.56429
11.47101
11.81072
3.64807
11.30702
12.49329
11.58052
12.48611
4.74275
./1vso/
5.17634
4.83193
4.95541
5.16941
1.68274
5.53152
5.36647
5.56747
5.22981
4.20538
./1w2g/
2.36738
8.05912
5.42372
2.84649
7.97343
5.61072
2.57945
7.71381
6.84201
5.22414
./1w3k/
2.29898
8.31386
5.17662
5.21478
8.26761
4.98990
4.86753
6.80104
6.27419
2.55866
./1w6o/
4.64682
7.62421
10.39728
5.08808
10.25916
7.96260
8.25398
14.78486
4.15957
14.04812
./1ws4/
12.73740
18.27045
18.61104
3.82441
23.33974
22.75778
12.61029
3.39538
18.17922
18.64634
./1x8d/
3.18175
3.58868
17.21515
17.03827
2.88297
16.66766
16.44857
17.15636
16.83499
3.70172
./1x9d/
6.68320
3.20616
3.30316
6.67989
6.81507
6.65670
2.24850
3.74015
6.63488
6.72011
./1xge/
2.45896
3.43666
2.67404
4.06181
3.75851
2.55673
3.87127
4.21672
2.73424
4.08244
./1xl5/
5.93854
5.25384
1.92810
9.34470
2.71781
5.68806
9.23470
4.93359
10.04231
9.81059
./1xw6/
7.07584
3.46632
7.21400
18.52579
8.57483
11.23027
21.00835
6.03678
19.81081
20.53232
./1y0l/
2.15969
1.42716
1.20095
4.70037
2.18446
2.57714
3.55765
1.71014
4.67180
4.72704
./1y1m/
1.57220
2.55184
3.23508
3.53284
2.28032
3.28109
3.28368
3.39286
2.78276
3.11126
./1y1z/
1.80367
2.88551
25.43159
2.74018
3.02413
25.40226
2.23710
25.25302
3.52777
26.36186
./1y20/
14.33960
12.63390
12.52300
13.81274
25.62939
25.70634
2.72638
2.81608
24.91517
24.85054
./1y93/
2.03316
1.57015
3.24243
6.89281
1.91729
4.17480
7.16340
4.47511
7.80256
4.03886
./1yc1/
1.58672
7.08873
4.95954
5.12934
6.81142
4.68312
5.54619
5.21772
6.35506
6.83610
./1ydk/
4.70883
4.35701
8.64565
11.38601
4.03739
7.30744
11.89363
7.44137
12.15500
9.96066
./1yxd/
5.05728
6.40757
2.76210
3.57874
5.77337
5.04584
4.41073
5.34674
6.56711
4.36423
./1z3t/
6.34065
6.82379
11.14457
4.42152
3.24170
12.34669
6.23250
12.50527
6.05291
13.24200
./1z95/
2.43458
1.98822
13.18239
2.05447
2.14438
12.70328
2.80645
12.93471
2.13525
14.08286
./1zhx/
2.66788
9.68577
3.55599
9.52533
10.02996
4.40045
9.54850
8.86110
3.09624
9.11978
./1zhy/
9.62594
3.24978
9.44750
9.01006
8.98105
3.67085
2.48801
9.42341
8.37463
4.96775
./2a3c/
6.05321
3.36870
4.66771
3.37849
6.02912
3.26198
4.09829
3.51980
4.35525
3.19509
./2aac/
3.18973
3.02312
4.14683
2.88313
3.15373
3.12152
3.61240
3.88454
3.18940
3.34202
./2add/
4.70008
4.86650
6.09545
2.19317
4.10301
5.08126
4.78060
4.71345
5.42076
6.14598
./2afx/
4.70971
4.47634
4.97311
2.72704
4.51378
2.09435
4.69509
4.83111
3.16772
4.84163
./2arb/
17.51831
4.90573
3.91136
5.30335
16.25480
17.83225
16.59064
3.73213
3.96572
5.12209
./2are/
19.21767
3.95890
3.34458
18.89977
19.75257
16.92410
20.54270
4.69180
19.42312
17.87386
./2ayr/
6.88898
2.62670
2.92698
9.88469
6.86126
7.09989
7.60198
2.97866
10.08486
10.69252
./2azr/
3.82567
3.68347
4.00307
12.97078
1.92497
5.48932
12.18470
5.24994
12.80171
13.25967
./2b07/
1.92143
12.89712
12.34130
11.76249
12.91125
12.31803
11.84987
3.14063
3.50573
2.63136
./2b1q/
0.37396
3.15094
3.86654
2.23354
3.12244
3.87868
2.25517
3.33785
3.41466
3.79285
./2b3f/
10.48567
10.62599
2.93724
9.93456
3.24670
10.74535
4.42305
10.31258
3.07071
9.62777
./2bbf/
6.72125
5.96012
7.80767
4.95284
6.42220
5.44736
5.69762
5.56998
3.41318
5.13750
./2boh/
8.25374
3.81208
7.54530
6.04649
6.99166
6.28264
8.53362
6.13215
7.84521
7.36374
./2boj/
3.34481
2.84155
3.31332
2.86017
3.42891
1.98843
2.79744
3.39749
3.82452
2.69555
./2brb/
5.68263
5.58386
2.30195
5.49134
5.00913
5.78725
6.25858
5.60863
4.44222
4.90556
./2buv/
3.51468
3.93902
3.95084
2.83963
2.03983
2.64921
3.93080
3.04610
4.40651
4.29192
./2bvd/
1.64246
7.99795
7.24922
6.63700
8.49361
7.19946
6.42129
7.17306
5.97157
3.97948
./2byr/
11.06813
8.78148
2.27241
10.77992
16.83470
11.25107
13.50627
8.39788
9.03039
10.35717
./2bys/
2.07116
9.43770
13.84340
15.12719
9.10304
13.67424
14.94572
15.58511
17.01107
4.81061
./2c1q/
17.89206
11.68028
13.66621
13.01563
10.57353
9.89273
11.21801
5.62422
5.57989
3.36120
./2c92/
7.97279
4.92726
4.37384
2.59704
8.55599
9.10445
7.21491
4.06943
5.13783
4.08983
./2c94/
7.99073
8.32046
9.15810
18.96388
3.56916
6.39336
17.86409
4.40265
18.28064
19.10501
./2cem/
9.74089
11.49542
11.16283
9.00819
5.49098
10.12074
6.35072
10.81184
7.84043
11.63681
./2cen/
6.85692
5.32460
15.48003
5.25255
8.35797
16.08510
7.75910
15.79387
2.38160
15.74611
./2cji/
8.07541
8.35861
7.90521
3.78013
3.66214
2.86070
8.07131
4.37006
8.34169
8.05966
./2cjp/
3.00875
7.98711
3.25814
3.34119
8.01833
3.47857
3.34702
7.96453
7.82254
0.70980
./2cli/
0.86350
7.89463
8.15889
14.19005
7.95249
8.18491
14.17599
1.89049
14.23533
14.12771
./2d2v/
3.25119
6.05464
5.96401
6.27466
6.23415
6.18335
6.16346
3.05604
2.82109
1.88790
./2d3u/
2.32980
9.86952
9.30013
9.80897
9.25429
8.50778
9.16395
4.61526
4.76959
1.99006
./2d3z/
0.61294
8.79486
9.13582
2.85038
8.76124
9.10715
2.91714
3.23783
9.27818
9.44057
./2dm5/
1.48229
3.23836
3.86996
4.17516
2.71235
3.24183
3.62099
1.49877
2.81310
2.80701
./2e2p/
5.99409
4.21793
6.62941
5.79598
5.88679
2.21809
6.85114
6.33179
7.66886
7.60166
./2e2r/
0.16615
1.14722
11.84824
14.60156
1.22291
11.82439
14.59470
11.27161
14.76224
24.15457
./2epn/
2.31326
5.19313
4.07340
9.11694
4.98238
2.26786
8.08804
4.71017
6.64035
6.74586
./2f5t/
6.54124
2.95244
2.07035
6.27008
5.99768
6.57392
1.90826
2.92190
6.06004
6.35724
./2fai/
2.63912
2.17018
14.12674
13.35389
2.35401
14.39725
13.64695
13.71156
13.32196
6.13815
./2fdp/
10.30164
4.67570
12.12946
12.22960
7.89957
7.23924
6.37521
9.76553
9.92410
3.94722
./2ff1/
2.21373
3.26717
3.28502
13.63426
2.52684
3.28963
13.87833
2.40483
13.57724
13.50779
./2flr/
6.67099
7.60822
6.99498
7.55231
7.99102
1.60817
7.60274
7.43181
7.93146
7.48398
./2fpz/
23.52525
23.52229
27.09321
21.41685
0.02470
13.77983
4.21629
13.76882
4.21049
13.34828
./2fqt/
19.00657
18.58762
19.83074
19.20320
1.66851
6.80968
6.57495
6.99631
6.68203
2.13959
./2fqw/
5.58212
5.14841
5.72785
11.13377
3.25860
1.77081
11.33624
4.38194
10.42193
11.46515
./2fqx/
5.24237
11.29443
5.56083
5.53691
10.95288
5.89792
3.31665
10.10796
11.99009
5.64789
./2fqy/
2.06231
12.02391
11.83816
13.38234
11.80854
11.62913
13.13934
2.09993
15.56772
15.96807
./2fv5/
2.36086
7.21103
8.49780
8.92575
7.54778
8.72399
8.81977
3.56562
4.19556
2.48000
./2fvd/
3.22196
2.78454
9.04129
9.23237
3.46095
9.74353
9.73137
9.67718
10.11736
10.73764
./2fw6/
2.65171
3.12520
1.65920
2.67120
3.30122
3.01113
2.02598
3.10413
3.68121
2.41515
./2fx6/
0.09615
3.76388
3.15641
10.25262
3.77216
3.15800
10.27970
3.08727
9.98230
10.11063
./2fxu/
9.57877
4.47972
6.46716
10.67786
7.80325
7.81103
4.03518
4.05345
9.32031
9.34358
./2gkl/
4.41361
4.24339
4.35756
4.27821
3.50844
3.61619
4.06708
2.46223
4.45658
4.79178
./2gz2/
6.09071
6.07952
2.26678
5.20109
6.35539
6.03202
6.12199
6.59125
5.99767
4.84154
./2h15/
5.14728
3.93261
4.45808
5.38827
4.36324
4.40727
4.62257
4.74893
5.29103
4.22544
./2h21/
6.36147
6.36203
6.85173
4.37792
4.91789
4.92650
6.73252
2.87138
6.90806
7.33643
./2h6b/
4.96628
15.85980
15.31291
15.37393
15.62549
14.82205
14.97793
4.96789
2.12354
4.80350
./2h6t/
3.42333
3.97824
3.34537
2.32794
2.41097
4.23262
3.09010
3.80517
3.30928
3.34040
./2hb1/
2.16823
10.60701
14.58609
11.43788
10.20455
13.58652
11.06100
16.37780
2.18219
16.15956
./2hd6/
3.32094
16.89311
5.76120
3.35846
15.45217
4.08145
2.77967
13.88340
17.24269
5.57116
./2hdq/
1.99241
2.33965
4.06056
5.36501
2.13391
3.11477
4.18620
2.99959
4.52787
2.28696
./2hdr/
4.81878
2.38316
6.15940
12.24905
4.71942
9.11691
14.70254
6.83512
13.21225
7.66173
./2hj4/
4.61297
10.34872
21.18885
8.37132
9.50485
20.09178
9.02220
20.60762
4.84684
20.58476
./2hr6/
2.42372
2.49931
5.68000
8.05164
1.71307
4.33283
8.51034
3.95004
8.41933
10.30015
./2hzl/
2.29030
1.63467
2.86622
2.84661
2.38949
2.17924
3.07013
3.10088
2.52033
2.16721
./2hzy/
5.98088
2.12914
14.44747
2.50034
5.94711
14.94446
5.29732
13.30443
3.45354
15.42422
./2i0a/
1.89147
2.77324
11.61989
12.51458
2.68942
11.55372
12.26973
11.35946
12.20484
4.63349
./2i0d/
2.31336
2.04238
6.94536
6.99674
2.82519
8.17327
8.15380
6.54642
6.61188
1.44304
./2i2c/
3.90196
6.30624
3.55376
3.38174
5.38662
3.22025
4.04156
6.39740
6.84352
1.43109
./2idz/
26.02022
9.53296
25.41644
8.36052
26.47010
4.98011
26.16339
25.23253
4.42537
25.04270
./2ihj/
4.01997
3.32041
4.71398
2.35724
3.61507
2.06467
3.88617
4.24512
3.31473
4.67842
./2ihk/
3.90630
5.37088
3.72624
9.24552
4.55948
2.30872
8.95171
5.90002
9.20992
8.97663
./2il2/
1.71798
6.05392
8.92147
8.09623
5.99928
8.78326
7.87197
7.78521
7.31765
2.91119
./2ilz/
1.97882
20.07584
4.62055
2.81382
20.28042
4.34675
2.45343
20.85836
20.67333
4.19779
./2isw/
4.42663
4.48874
1.86650
4.27941
1.87616
4.80342
4.11280
4.63307
4.85724
4.50436
./2iwx/
5.35520
6.38952
7.55125
6.07383
5.19223
6.05316
5.09928
5.02861
2.92654
5.52464
./2j2u/
7.33319
4.86596
2.87209
4.87754
8.36960
7.50232
7.27150
4.74564
5.66764
6.40525
./2j34/
8.40660
1.67276
7.96613
9.62765
8.22136
4.28294
8.87321
7.76377
9.91992
9.68261
./2j4i/
8.41396
2.09664
7.91256
5.18589
8.36006
6.12310
8.22896
7.63079
5.13808
9.22445
./2j4k/
3.60381
2.30818
17.59437
18.04826
2.69482
19.09480
19.46994
18.51615
18.78640
4.21125
./2j78/
9.42684
9.34790
4.42370
3.94184
4.06481
7.75596
8.70165
7.13665
8.21133
2.13214
./2jbj/
6.66638
7.25965
5.68291
6.10033
1.73798
5.81431
3.88434
6.04347
4.34088
4.56996
./2jdu/
3.45100
3.51451
2.74948
2.09459
3.22865
3.13167
3.73202
3.49847
3.15335
3.07973
./2jdy/
3.80607
2.70134
3.84816
3.15479
3.57220
1.97349
3.82656
3.54413
2.32029
3.69719
./2jff/
3.26303
1.95373
4.69615
4.91015
2.53974
3.53823
3.20622
4.25890
4.21000
2.35744
./2jfz/
2.26211
5.27402
4.90735
8.22626
4.84478
5.19091
8.70934
1.92288
10.05784
9.96580
./2jgb/
3.00109
3.80706
1.82845
2.41208
2.50170
1.82983
1.97387
3.08122
3.11744
2.09419
./2jj3/
15.10340
16.68673
15.45933
13.65298
5.95444
2.51054
27.76249
6.24813
28.80654
27.93024
./2jke/
2.71109
1.96340
3.47927
3.45410
3.30642
2.97801
4.39442
2.62976
3.63998
3.74452
./2nmx/
18.48189
2.63274
17.07325
16.74802
18.27359
14.58759
14.48921
16.55823
16.26052
2.26394
./2nn1/
18.37268
2.42582
5.81585
5.94228
18.45742
18.46427
18.34070
5.98061
6.07395
1.28970
./2nnq/
2.68208
3.70440
2.86425
7.17516
4.21063
2.15925
6.94876
3.91740
7.45437
6.89448
./2nsj/
4.06437
7.32315
3.84721
6.88299
7.21572
2.46869
4.48495
7.52204
7.96461
5.03222
./2nsl/
3.94494
2.28507
6.68855
3.59492
3.33653
6.43860
1.93149
6.79645
2.46677
6.80548
./2nta/
8.44365
7.43413
8.23024
8.17669
3.70176
2.74014
1.89208
3.21646
3.87243
1.85397
./2o4j/
9.45845
9.22153
9.23745
17.03889
1.47338
3.59218
18.55124
2.83194
18.37297
16.41038
./2oag/
2.08609
5.16094
5.73428
2.97851
4.93119
5.90888
2.17753
2.20395
3.54838
4.57798
./2oiq/
5.85481
8.70888
8.15392
6.04417
5.98237
8.18372
7.30122
9.89826
8.40323
8.21956
./2ojg/
4.63355
5.11640
3.11184
6.68195
1.76385
4.09931
5.70816
4.22462
5.96552
6.71603
./2otz/
2.05579
14.82080
13.48768
16.36249
14.70507
13.66044
16.85107
3.51975
24.81125
24.21173
./2ou0/
2.48712
15.00347
15.18366
12.94370
15.53626
15.63541
13.57223
2.20994
2.88285
2.94836
./2ovv/
2.26532
9.80458
9.80654
4.10204
9.24326
9.34569
3.71192
2.79754
9.52991
9.70079
./2oym/
4.08117
0.71063
2.05717
5.05625
3.98375
4.19516
1.67359
1.94020
4.93424
4.74641
./2p09/
13.91184
7.38497
9.39751
3.99250
13.55601
8.74280
13.88804
8.93998
6.52317
9.00259
./2p16/
7.05052
8.71587
6.29545
8.36506
8.71859
1.92225
8.96785
8.51152
2.24244
8.55288
./2p3t/
8.42494
7.75097
7.69700
2.40261
4.25370
9.67665
8.56239
8.80619
8.08410
7.64243
./2p4y/
9.69823
3.21322
9.39052
11.31167
9.17112
4.01277
10.91207
8.64657
10.89356
9.22340
./2p7g/
0.14180
11.81112
11.81625
1.52165
11.83363
11.83861
1.46701
0.11764
12.11258
12.10699
./2p95/
7.69793
4.38857
5.31841
8.32665
7.14137
6.86007
5.65503
4.98358
7.89842
8.42048
./2p98/
2.45621
1.88008
3.22776
4.29503
2.54207
1.92581
4.42266
2.76442
5.09554
4.79090
./2pgz/
6.17416
7.01683
2.24490
3.35747
3.02386
5.02443
5.54557
5.87418
6.74226
3.51110
./2pjo/
11.55504
7.05179
12.64677
14.05718
8.46077
9.15483
5.01953
14.06650
8.69451
13.69504
./2pog/
3.33059
14.63400
11.41422
12.11781
13.80708
10.83837
12.19166
6.26635
6.78496
7.64488
./2pou/
4.80943
1.25078
4.85795
3.75746
4.73402
2.29916
4.90471
4.88808
3.79434
3.96315
./2pov/
4.82555
1.73238
17.00542
16.84569
4.98978
17.66055
16.77652
16.69351
16.36611
4.32425
./2pow/
5.01071
17.12474
18.14462
3.44725
17.54004
17.67119
5.54033
5.55326
15.90375
17.10966
./2pqc/
2.36170
6.46417
2.52662
6.04657
6.29261
2.18950
5.74687
6.64422
4.43322
5.92697
./2psv/
4.26393
7.18101
6.24666
6.19691
8.20131
4.93897
4.56335
8.06724
8.34914
3.80376
./2pvu/
12.70980
13.22954
12.91666
13.20895
4.36753
4.41467
2.00042
2.80217
5.08727
4.62153
./2pwd/
3.44028
4.53163
3.94850
4.58445
3.99399
4.47111
4.50312
4.12802
3.30570
2.97464
./2pwg/
3.99392
2.16010
12.64627
3.87987
3.88836
11.30189
3.19226
12.02632
3.62757
12.36945
./2pyy/
3.97973
2.10262
13.33564
11.84281
4.31090
12.73950
11.15419
12.88595
12.07923
18.13771
./2pzv/
0.23678
1.86075
2.27492
2.44295
1.84297
2.27283
2.59885
2.85048
2.76054
2.95032
./2q3c/
4.21065
7.56292
7.07339
7.43443
7.02002
6.78990
7.14264
1.88030
3.09111
2.62162
./2q54/
11.44006
11.23969
11.54920
11.30291
1.87504
5.20497
3.27412
5.70198
3.55422
5.83465
./2q6m/
4.48476
3.05733
4.02890
3.30563
3.21856
1.48548
4.98597
2.88692
3.11508
3.92492
./2q88/
12.67663
12.76155
3.76958
12.21639
4.19735
12.17978
2.33804
12.46150
3.59853
12.01101
./2q89/
2.79696
30.45767
21.30999
26.19103
30.13847
20.99710
25.81906
15.12958
13.27954
15.07586
./2q8z/
6.47847
2.02676
6.48078
6.39072
6.56081
2.19974
2.12626
6.73219
6.57975
2.25550
./2qbq/
6.01640
6.95581
2.02355
4.03777
2.07365
5.54920
5.00487
6.46374
6.19667
4.08926
./2qbr/
8.62269
3.50335
4.12565
5.09419
9.41525
8.47401
8.77415
4.68467
3.84913
2.94741
./2qbs/
6.33395
9.02192
9.71388
4.91802
9.38588
9.73539
2.28889
8.98035
9.45737
9.68082
./2qdt/
4.24163
4.41621
9.17758
14.72311
2.85061
12.00705
12.14657
11.73815
12.60268
23.29761
./2qeh/
3.77305
4.69649
8.29341
4.58307
4.71500
6.99142
4.49328
5.33419
2.82152
5.38445
./2qhy/
3.85111
1.92067
8.89230
8.13431
3.65424
9.20486
8.46646
9.38588
8.78618
4.68711
./2qhz/
9.72916
8.46491
5.23926
3.93984
6.52866
9.88941
9.66764
10.72427
8.57923
7.05268
./2qi1/
8.75018
9.18867
6.63141
9.40310
5.10777
11.78693
3.23384
11.09282
4.47485
12.66877
./2qi3/
9.01970
1.80349
8.05959
2.91245
9.36055
5.33338
8.75027
8.09460
3.53456
8.73468
./2qi4/
2.98824
9.61061
12.51564
3.98864
9.22254
13.77225
2.86577
10.76561
9.57024
14.58126
./2qi5/
5.99103
5.32197
6.78873
16.25354
4.04172
3.37352
17.94222
4.99574
15.80796
17.49296
./2qi6/
9.24028
2.55108
9.79854
9.54022
9.02850
3.04117
3.50065
9.52561
9.04989
4.28715
./2qmg/
8.44225
10.52753
10.75860
6.52372
7.54617
9.05328
8.77560
4.99862
9.36597
9.38834
./2qmj/
3.45101
3.02314
4.06810
6.79569
2.79910
2.40575
5.00060
2.17332
5.31221
4.58901
./2qnq/
4.27705
3.72661
1.96186
4.29266
3.96024
3.62780
2.15927
2.97484
3.18923
3.52203
./2qrk/
3.27532
5.53956
5.96434
6.73994
6.70866
7.27831
7.76602
2.20403
3.07169
2.34021
./2qrl/
4.11902
24.46194
2.73844
25.17751
25.06827
4.28717
25.11441
23.63034
23.48383
24.50633
./2qry/
8.11425
6.41150
7.81762
5.63284
8.01800
3.96113
8.11403
7.06865
1.87494
7.15315
./2qu6/
1.96181
19.60833
11.67289
11.66564
19.84655
11.61889
11.61012
21.64683
22.10753
2.41975
./2qvu/
3.84705
6.14895
4.51348
4.99879
5.21462
4.20817
4.22633
5.39873
4.56127
1.82138
./2r3d/
7.28698
4.05923
14.21077
8.72701
4.02644
12.73287
13.74724
13.80682
11.51032
13.14178
./2r5p/
4.69175
4.29570
5.17830
2.67298
5.29126
2.85819
4.03637
4.79430
4.00529
4.13547
./2r6w/
1.88954
3.89821
2.32302
10.86195
3.47591
2.42972
10.82884
2.38970
10.91001
11.25554
./2r75/
5.08796
6.09836
4.94657
6.43320
4.50192
2.04924
4.72103
4.27673
3.93489
4.73868
./2rca/
2.30028
8.77800
20.72858
14.42907
8.01601
21.07003
14.49090
20.56493
18.58039
26.68323
./2rde/
0.35358
13.64338
13.86625
14.22681
13.81263
14.03784
14.44942
0.37967
4.94856
4.85629
./2reg/
15.87585
16.10867
10.81909
14.94532
1.37840
20.25272
10.56346
21.09981
11.54681
13.89991
./2rkd/
6.52017
3.88706
1.60571
4.58879
8.00345
6.34807
8.52951
3.98687
2.27722
4.63992
./2uwl/
7.97655
2.43775
4.08307
7.39164
8.80622
8.33230
3.75044
4.67167
7.76889
7.80130
./2uwp/
8.10905
2.42138
4.22722
4.45797
8.26115
7.64593
8.60349
4.36324
4.42901
2.22155
./2uy4/
13.32122
4.42050
8.72125
5.38694
11.74321
17.45666
10.68522
8.66445
5.11542
8.70952
./2v2c/
2.01401
1.48814
4.08305
2.86623
2.10469
4.13295
2.12267
4.04702
2.85272
3.89755
./2v77/
2.14140
6.62046
2.68857
4.09971
6.19758
3.18928
3.41847
6.61173
6.78997
3.13339
./2v7t/
7.35575
18.03534
2.59908
4.93349
16.88025
6.50631
7.38818
18.05269
18.75447
5.19815
./2v7u/
2.15109
2.04124
17.14322
18.08509
3.12875
17.09504
17.86236
16.70720
17.49271
4.76225
./2v7v/
6.16761
5.92947
5.94733
6.01884
2.61691
2.06593
2.36837
1.56393
2.79123
2.89496
./2v8q/
2.74023
18.71107
3.75941
1.80229
19.93015
2.32215
2.09938
19.98259
20.06310
2.81437
./2v8y/
5.55678
1.98874
6.18499
6.32228
5.25773
5.70808
6.88819
6.31005
6.40725
5.04913
./2vhw/
11.34311
16.43272
11.45383
10.96077
13.08185
3.59813
10.90419
11.09832
9.98103
9.99475
./2vkm/
7.35753
6.52626
7.66735
16.76936
3.91917
2.68066
14.80957
4.58905
14.35555
14.12444
./2vmd/
14.90344
14.50582
6.07485
12.93702
4.18034
10.74488
24.34784
10.98435
24.20034
17.51546
./2vpn/
3.08738
3.16983
4.45284
11.18849
4.06401
3.07214
10.22145
3.60713
9.43130
9.18792
./2vuk/
13.19948
6.77620
14.17697
11.01439
14.87547
18.03943
6.12893
13.00141
13.46718
16.63802
./2vw5/
14.31017
13.80248
14.49677
15.67533
4.66480
5.78993
7.38659
2.35155
6.88417
6.53989
./2w26/
6.18111
3.04629
6.75392
9.58733
7.87726
5.04578
9.05013
7.34066
10.90935
8.25336
./2z4b/
3.82415
14.71421
15.00108
12.94380
14.27174
14.54697
11.94333
6.28740
23.17038
24.25408
./2z8f/
10.68514
11.53338
11.78464
2.21261
2.55975
4.04114
10.99422
2.31827
11.82277
12.01985
./2zlz/
3.08427
3.85809
4.41186
3.60460
4.35516
3.19762
2.11443
4.15951
3.63081
3.68317
./2zmm/
3.95879
4.08176
5.80290
4.39389
3.55554
6.39217
6.57140
7.99435
7.12763
3.33946
./2zn7/
9.89676
6.56976
9.23034
4.09200
9.29929
1.92969
9.69527
8.86426
4.84185
9.19666
./3b3c/
1.74933
1.77613
1.64894
4.52790
2.01558
2.16101
4.23927
1.20482
4.54442
4.46170
./3b50/
5.24074
4.27291
5.08527
4.58113
5.56953
5.66010
4.94850
2.68147
4.73254
4.66390
./3b7r/
4.76070
1.95025
5.43512
7.49485
4.88379
2.15412
4.25406
5.48233
7.02720
3.25610
./3b92/
1.59875
2.92809
4.33415
4.36876
1.97934
3.74572
3.55000
2.83885
2.42560
1.56190
./3bex/
2.95112
5.76822
4.96340
5.06457
4.91170
5.65522
4.55219
6.34723
2.37668
5.84623
./3bgq/
5.67369
5.23383
6.56082
7.29927
6.90417
5.31277
6.63193
4.95946
5.12797
3.40452
./3bgz/
6.05340
4.34138
5.51078
4.19909
4.96211
5.24793
5.37039
6.88024
2.36532
6.04678
./3bl0/
1.69805
5.41873
1.64100
5.73726
5.59504
1.97330
5.13463
5.44331
6.42027
6.00219
./3brn/
3.22975
4.55422
4.35414
4.43501
3.99686
4.18987
3.13101
3.40216
3.95661
2.13434
./3bu1/
3.80437
3.53982
3.79451
3.34505
2.15550
1.77073
4.22311
2.56511
5.13423
4.08317
./3bxe/
4.58880
4.79332
4.64901
2.15700
4.63563
1.93102
4.74801
4.71175
4.33076
4.61629
./3c2f/
6.68413
15.91830
5.07628
15.36665
18.08756
7.20153
16.25127
13.42338
7.03706
11.99503
./3c2o/
12.94221
12.80186
2.90342
13.19160
3.07138
12.76718
3.81884
12.85610
4.37251
13.21331
./3c2r/
0.90437
13.00934
9.13375
9.09809
12.98542
9.08586
9.05392
15.66539
15.72321
0.91832
./3c7i/
11.80418
9.28243
5.18631
11.58124
10.95242
14.72333
4.76084
9.42438
12.36059
14.76600
./3ccw/
1.95163
7.49300
3.75097
7.29724
6.72046
3.62523
6.67122
6.51973
4.52054
5.61420
./3ccz/
6.44118
5.84318
4.28243
5.52614
3.13608
6.73794
3.57364
6.45887
1.99690
5.83328
./3cd0/
8.78160
4.94538
3.61856
8.85519
7.87966
9.60686
5.29110
5.42343
7.42730
9.18636
./3cd7/
2.68479
6.83900
7.49041
5.40649
7.19486
7.68509
4.68527
4.88710
8.50232
7.63097
./3cda/
1.92442
1.59266
5.94461
9.16849
1.89961
6.68074
9.20386
6.05515
9.18431
9.33334
./3czv/
1.94474
4.53574
5.30436
4.46825
5.03377
5.48044
3.56517
5.64213
6.91705
6.53981
./3d2r/
3.31211
2.68785
3.20058
3.87959
3.30652
2.09108
3.98579
2.65996
3.57916
4.40655
./3d51/
3.58605
2.01436
3.70338
3.61635
3.60343
3.73571
4.28280
4.35606
3.21153
3.73297
./3d83/
14.89301
8.17303
3.11925
7.93689
16.78395
16.09780
17.23618
8.44002
2.44264
8.62028
./3ddg/
1.92858
2.09029
6.33235
6.48874
1.98516
6.74015
6.83033
6.74193
6.77320
3.21299
./3dp4/
2.45893
2.74734
4.33155
4.04983
2.76540
4.74984
4.40390
4.37790
4.11708
3.13005
./3e92/
2.22181
14.51200
14.64258
14.23717
14.54961
14.78459
14.37211
3.43934
3.50816
2.18451
./3eko/
0.02321
5.14582
5.15432
4.77425
5.14369
5.15222
4.77214
0.04183
3.62203
3.61302
./3ekr/
4.77914
5.86520
5.01374
4.85462
6.17468
5.39960
4.80550
3.15439
4.71882
3.91771
./3ene/
3.12072
4.34118
4.98109
16.43844
2.45279
3.40637
17.11126
2.70693
18.30169
18.66574
./3eqr/
0.33269
5.63379
5.20758
6.46615
5.55160
5.12436
6.38889
1.31454
2.64556
2.08361
./3f3d/
4.47625
4.22110
2.21109
9.11617
2.17995
3.73224
10.81189
4.02326
9.98802
9.66538
./3f48/
2.07233
2.73419
13.54143
9.47660
2.59492
14.25364
9.89283
14.12790
10.10876
9.04502
./3f4j/
2.27371
2.22279
2.93810
13.48925
2.69560
2.51928
14.40008
1.64871
13.67577
14.11673
./3f8c/
12.46728
12.30619
6.61235
12.47956
7.10852
12.47430
1.71766
12.54506
8.15845
12.29669
./3fas/
21.02458
14.16900
10.49662
14.11166
12.40774
17.59495
12.54217
9.76637
1.73199
9.65153
./3fat/
2.22605
2.55792
4.76293
14.76862
2.21491
4.41422
14.83292
4.63526
15.13088
14.65804
./4ubp/
9.66014
2.59844
2.60156
11.71719
9.73137
8.94562
4.30642
2.76862
11.95976
11.08303
