3.356,3.074
2.982,2.702
3.577,3.121
4.931,4.571
3.037,2.638
3.907,2.916
5.754,4.763
4.143,2.840
5.801,5.146
5.459,4.732
2.760,2.455
4.631,2.456
4.314,2.578
4.915,2.832
4.857,2.559
4.151,2.666
4.377,3.515
2.678,2.535
4.070,3.194
2.612,2.496
0.143,0.143
3.096,3.017
3.088,3.011
2.669,2.669
3.170,3.080
3.162,3.074
2.575,2.575
0.049,0.049
5.227,5.185
5.227,5.187
4.302,3.728
5.054,1.963
5.024,2.388
5.667,3.528
5.688,3.664
5.493,2.888
5.052,2.037
2.921,2.053
3.716,3.261
2.744,2.423
18.707,17.632
16.857,16.400
18.842,17.903
17.853,17.681
5.089,3.940
2.142,2.142
6.307,1.915
5.131,3.952
5.807,3.416
6.269,2.048
6.471,4.656
4.362,3.007
16.773,16.083
16.991,16.751
6.761,3.430
17.311,16.369
17.729,17.285
16.169,15.670
16.575,16.448
6.121,3.082
11.271,3.212
11.325,5.352
12.204,5.738
11.158,3.099
6.898,6.220
6.569,6.556
4.693,2.884
3.418,2.049
7.277,6.762
8.181,7.269
8.512,7.667
14.806,12.511
15.889,13.899
4.177,3.746
9.865,5.922
10.431,7.140
8.494,7.693
2.029,2.024
14.093,12.306
15.203,13.603
9.984,2.809
3.485,1.752
9.580,2.758
9.266,3.697
9.830,2.852
3.456,1.600
5.088,2.819
10.430,2.783
10.043,3.508
4.150,2.534
16.443,16.443
16.161,15.775
15.837,15.673
18.073,18.073
5.476,3.777
3.289,2.964
4.325,3.989
5.222,1.951
4.445,3.782
4.981,4.056
12.856,12.585
24.977,24.927
3.546,2.041
3.260,2.035
17.165,16.978
13.326,13.283
12.756,12.674
24.931,24.870
25.483,25.448
2.669,2.571
10.898,0.598
4.612,1.732
10.916,1.665
4.975,2.361
10.297,1.660
2.082,1.548
10.447,2.371
10.639,2.273
2.014,1.473
10.766,2.340
7.458,3.052
7.651,2.893
5.065,2.448
5.572,3.501
1.792,1.730
6.538,3.441
6.389,3.286
6.638,3.071
6.667,3.183
3.204,2.950
2.755,2.739
7.921,5.550
8.181,5.959
8.240,6.134
8.206,5.445
8.087,5.690
8.405,5.603
3.229,2.667
2.689,2.689
3.115,2.592
4.854,3.192
2.301,2.048
4.043,2.910
8.851,6.745
5.629,4.044
6.284,4.797
9.364,8.487
2.953,1.782
7.946,5.662
7.581,5.871
2.067,1.573
3.025,2.186
12.032,11.983
3.510,2.371
2.087,1.722
11.822,11.684
2.719,2.119
11.892,11.624
2.418,2.259
12.438,12.169
17.239,16.769
6.886,5.210
16.955,16.172
7.171,5.770
19.955,19.775
26.787,26.505
19.964,19.759
13.650,13.223
2.208,2.109
13.053,12.450
3.818,1.421
5.822,4.687
12.340,8.773
9.427,8.398
4.889,4.580
12.936,8.768
10.078,8.469
10.771,5.796
7.560,5.384
7.565,2.355
5.927,3.252
5.938,3.273
4.269,3.005
7.145,3.772
0.398,0.398
4.174,2.810
4.929,4.601
4.188,2.800
4.986,4.677
6.740,4.745
8.525,8.029
9.173,8.270
8.861,8.092
8.552,8.329
2.769,2.285
15.576,14.117
4.095,2.842
15.852,14.106
4.546,3.647
15.843,14.825
10.075,6.901
7.180,3.754
2.202,2.107
2.539,2.305
8.721,7.700
9.911,7.003
9.759,7.069
6.911,3.680
6.967,3.642
1.452,1.073
2.907,0.923
4.761,2.220
3.751,2.703
4.003,2.429
3.853,2.310
2.053,2.053
4.794,2.533
4.472,3.465
2.871,1.006
5.155,3.627
3.015,2.411
3.005,2.552
3.513,3.223
4.746,2.484
1.653,1.177
3.067,2.719
5.651,2.544
3.133,2.806
6.002,2.732
5.355,1.979
2.309,1.085
16.465,16.310
17.322,16.929
18.299,16.789
16.295,16.217
17.422,16.980
18.110,16.659
16.525,16.033
8.470,3.800
16.530,15.712
5.487,4.977
6.135,3.453
5.508,3.172
6.969,5.931
6.408,4.793
5.975,4.654
6.261,3.138
2.207,1.365
5.254,5.029
5.540,5.034
5.939,5.683
2.224,2.208
7.633,5.976
2.701,2.576
6.176,5.687
6.983,2.882
5.768,5.646
7.472,5.953
2.130,1.531
7.824,5.905
5.611,5.303
6.515,3.173
2.194,2.194
5.728,5.530
7.364,5.694
6.065,5.692
2.093,2.093
6.097,3.151
7.382,5.813
6.109,5.819
2.144,2.039
10.569,5.996
2.523,2.523
10.377,6.060
11.119,7.061
2.014,1.849
10.694,6.974
11.676,8.046
6.259,2.944
11.349,7.950
3.242,3.194
6.913,4.090
7.956,5.940
7.221,3.778
7.111,3.743
8.145,7.333
7.328,4.901
6.832,6.651
3.392,3.340
4.693,4.693
5.327,4.861
8.295,4.620
3.962,3.957
6.535,6.475
8.220,5.624
2.998,2.419
3.386,3.038
8.104,5.231
8.210,6.488
2.798,2.798
1.584,1.119
1.575,1.575
2.432,2.086
4.900,3.316
2.154,1.696
2.328,1.994
5.121,3.439
1.993,1.677
4.895,3.093
5.347,3.556
2.264,2.031
5.424,4.475
8.453,8.436
11.067,10.365
5.171,4.243
9.564,9.314
11.389,10.938
10.781,10.379
11.781,11.619
6.233,4.547
3.600,1.546
4.727,2.876
4.880,2.728
3.687,2.044
4.786,2.841
4.462,2.629
2.509,2.245
3.533,1.487
4.567,3.026
4.419,3.066
4.930,3.026
2.842,2.065
4.866,2.667
4.524,2.350
4.152,2.750
3.603,2.575
3.837,2.263
4.763,2.938
4.613,2.046
3.633,2.548
2.332,2.266
1.968,1.449
2.663,2.496
8.543,6.485
2.188,1.997
2.358,2.030
8.279,6.406
3.055,2.328
8.453,6.460
7.837,5.880
4.727,4.226
2.004,1.940
5.516,4.232
1.994,1.887
4.125,3.581
4.818,2.767
4.328,3.588
4.866,3.667
0.908,0.259
4.821,3.673
2.514,1.616
4.214,3.446
2.662,2.631
5.982,3.816
2.780,2.600
3.167,2.685
5.539,3.366
3.536,2.878
5.308,2.585
5.466,2.888
6.350,1.845
5.844,4.438
6.224,1.603
2.533,2.102
5.943,3.894
2.774,1.403
5.846,2.138
5.813,3.814
4.857,3.275
6.266,2.150
6.984,5.732
5.925,4.613
6.310,5.607
6.456,4.898
2.868,2.780
3.421,2.131
3.851,2.704
4.177,3.278
3.734,2.761
3.282,2.545
6.557,4.916
5.554,3.840
6.395,4.737
5.090,3.147
4.194,2.809
4.261,3.232
4.714,3.466
4.293,3.554
2.352,2.088
3.477,2.745
7.132,4.749
7.177,5.066
6.801,4.074
2.714,1.452
2.514,1.069
1.875,1.677
6.850,5.018
3.142,1.988
7.495,5.249
6.454,4.156
9.616,8.064
2.052,0.968
19.083,18.812
6.032,3.290
9.447,8.005
15.708,15.266
7.367,6.485
19.018,18.814
6.355,3.119
18.272,17.596
13.927,13.873
14.152,14.152
11.117,11.044
2.164,1.486
2.179,1.365
3.930,3.731
13.959,13.957
4.027,3.976
14.278,14.250
11.101,11.101
3.313,1.843
2.995,1.551
2.571,1.770
6.837,3.690
1.600,1.581
3.031,2.069
6.881,3.422
3.254,2.103
7.027,3.734
7.238,4.219
13.011,12.930
2.870,2.149
13.956,13.885
10.336,10.336
12.768,12.763
2.240,2.240
8.838,8.652
13.862,13.858
9.677,9.587
10.101,10.055
0.869,0.869
2.558,2.510
7.061,6.199
1.906,1.870
2.558,2.502
7.003,6.122
2.071,1.988
6.068,5.375
3.528,3.313
7.864,7.087
5.311,3.987
6.630,2.829
3.625,3.235
4.370,3.378
6.223,2.617
3.440,2.226
2.183,1.921
6.410,1.832
6.690,1.686
3.413,2.432
4.227,2.034
2.031,1.670
2.114,2.114
20.806,19.670
4.386,2.407
4.463,2.551
20.513,19.409
2.022,1.694
19.848,18.851
19.777,18.685
7.062,2.661
5.195,4.853
4.990,4.763
9.520,9.080
6.981,4.923
7.366,5.264
9.784,9.329
3.040,1.876
8.231,6.016
8.058,5.612
7.475,2.538
2.237,1.606
7.734,3.286
2.343,1.775
7.531,2.735
3.254,2.242
7.589,2.852
7.636,2.970
3.090,1.813
7.921,3.436
5.331,3.347
4.323,2.731
3.356,3.025
3.340,2.377
3.376,2.376
4.949,3.097
4.442,2.941
4.692,3.659
5.182,3.257
2.990,1.111
7.232,5.750
6.995,5.613
3.953,3.064
5.752,3.944
2.134,1.895
7.295,5.892
4.788,4.710
7.084,5.821
5.143,4.915
5.811,3.967
13.092,12.749
16.266,16.111
12.116,11.882
14.708,14.536
7.264,7.261
3.904,3.360
7.627,6.623
9.852,9.504
5.685,4.111
9.575,8.568
3.258,1.720
4.186,3.340
2.824,1.638
2.418,1.773
3.297,2.107
2.551,1.157
2.954,0.831
4.107,2.344
3.151,2.191
2.812,0.644
14.089,12.714
2.029,1.153
2.218,2.185
3.796,3.424
13.809,12.486
13.877,12.814
14.299,13.208
2.620,2.013
2.977,2.970
2.662,2.209
4.033,3.651
12.504,11.875
8.488,4.128
2.847,2.767
14.605,13.247
8.466,4.995
1.670,1.640
11.566,11.553
13.614,12.317
8.446,4.407
4.117,2.997
4.546,2.912
3.781,3.309
8.227,4.678
5.309,3.265
2.142,1.925
7.772,4.136
5.956,3.690
7.128,4.451
8.310,3.858
4.796,3.560
3.334,2.751
5.152,3.555
5.345,1.620
4.918,3.499
3.378,2.858
5.312,3.658
4.938,3.176
6.197,2.970
4.978,3.654
4.019,3.280
3.975,3.153
4.044,2.575
2.999,2.707
3.803,2.936
4.443,2.400
3.705,2.648
3.573,2.426
2.497,2.394
3.782,1.884
2.248,2.003
4.959,2.057
11.654,11.270
5.006,2.909
5.062,1.878
12.013,11.859
4.513,2.410
12.418,12.018
2.614,1.762
12.714,12.291
5.616,4.522
2.235,2.235
4.242,4.238
7.004,6.251
4.859,3.234
3.934,1.718
4.059,2.787
2.552,2.552
5.875,4.771
5.279,3.468
6.438,4.639
7.820,5.741
1.750,1.506
1.657,1.389
8.220,3.427
6.473,4.765
6.372,4.674
7.918,5.835
7.892,5.734
0.316,0.316
17.592,17.571
19.257,18.975
17.714,17.494
18.687,18.415
5.214,3.515
4.401,3.145
4.250,2.824
4.712,3.184
3.993,2.286
3.449,2.532
5.232,2.865
2.840,2.184
4.660,2.664
4.591,3.999
4.316,1.886
2.601,1.936
3.933,2.915
5.019,2.492
3.723,3.112
4.141,3.164
3.575,1.661
2.912,2.912
2.403,1.433
6.565,2.413
4.229,2.733
3.014,1.705
5.897,2.110
3.478,2.531
6.630,1.870
6.208,1.793
2.440,1.350
3.604,1.669
6.619,2.870
2.534,2.534
3.026,1.718
6.196,2.469
3.362,2.319
5.960,2.470
3.994,2.448
6.473,1.511
1.478,1.478
6.040,2.750
6.882,4.209
3.526,3.245
5.797,2.925
6.251,4.017
3.807,3.537
5.619,5.081
5.766,2.651
7.535,5.728
1.359,1.359
2.752,1.567
6.318,2.280
6.418,4.192
2.666,1.261
6.413,1.693
6.409,3.386
6.661,1.901
6.406,3.695
2.723,2.491
6.096,5.654
2.148,1.940
10.557,6.430
5.425,4.792
5.180,5.001
8.937,4.608
1.895,1.895
10.522,6.436
4.424,4.265
9.331,4.776
4.973,2.499
4.801,4.287
4.426,3.573
5.439,4.631
4.354,3.554
4.022,3.167
4.747,4.210
4.969,2.462
4.951,2.448
1.441,1.441
3.501,1.638
3.060,1.961
3.391,2.427
4.224,2.007
3.151,2.140
2.874,2.084
2.931,2.077
3.841,2.385
3.577,2.013
3.008,1.870
13.260,12.949
15.493,15.109
4.386,4.147
5.218,2.392
22.133,22.032
13.554,13.338
14.549,14.266
16.662,16.179
14.462,14.238
6.184,5.038
3.815,2.751
5.021,4.281
5.962,5.567
5.337,5.337
2.987,2.961
6.098,5.206
5.530,4.970
4.773,3.498
3.910,2.930
3.089,2.097
3.870,2.847
2.477,2.265
11.998,11.845
6.039,5.742
3.840,2.786
11.188,10.966
5.985,5.211
10.408,10.306
5.035,4.770
11.007,10.953
4.471,1.412
3.862,2.667
4.310,2.265
3.059,2.631
3.291,3.099
2.743,2.623
3.507,2.945
3.743,2.517
4.336,1.713
2.260,2.260
14.176,14.121
16.901,16.892
17.094,16.925
16.955,16.946
29.685,29.668
29.990,29.804
29.818,29.792
4.126,3.117
1.992,1.892
4.382,2.230
17.554,17.360
17.008,16.951
15.264,14.732
16.314,16.301
3.947,1.946
4.925,3.659
2.408,2.280
4.621,3.322
3.316,1.941
5.024,2.631
2.378,2.172
13.975,13.925
14.485,14.191
15.387,14.420
13.838,13.810
14.250,14.142
15.568,14.336
2.362,2.362
7.068,2.984
7.319,3.254
2.975,2.160
2.133,1.288
3.539,2.611
3.047,2.429
2.940,2.189
2.550,1.890
2.362,1.587
3.066,2.419
3.465,2.559
2.192,1.568
14.810,14.714
2.997,2.815
13.715,13.618
5.604,3.858
13.426,13.344
2.131,2.039
14.207,13.864
12.648,12.534
5.131,3.133
13.348,12.994
21.754,21.651
21.927,21.826
9.814,9.207
22.217,21.874
2.036,1.921
27.272,27.070
4.903,2.300
27.301,27.198
4.867,2.272
27.452,27.323
14.050,13.690
14.450,14.038
1.982,1.924
14.113,13.459
5.464,2.715
14.569,14.273
5.014,3.144
15.038,14.550
2.967,2.172
14.782,14.002
4.538,3.094
11.034,11.026
12.655,12.409
4.312,2.670
11.205,10.826
12.217,12.095
3.080,2.726
2.991,2.660
11.500,11.107
12.418,12.284
1.500,1.446
4.824,3.355
4.299,3.574
4.501,3.214
4.785,3.453
4.181,3.334
4.640,3.368
3.062,2.774
3.486,3.285
4.710,3.816
4.810,3.340
4.729,3.365
3.316,2.977
4.002,3.684
1.008,0.362
4.606,3.289
4.500,3.233
4.649,3.219
4.385,3.131
1.593,1.574
0.045,0.044
2.115,1.901
12.798,12.789
12.880,12.877
2.105,1.893
12.795,12.788
12.878,12.876
12.717,12.664
12.809,12.751
0.470,0.470
2.161,1.951
2.881,1.803
3.417,3.215
2.299,2.214
3.686,2.738
4.731,3.985
3.044,2.760
2.736,2.736
2.856,1.808
3.120,2.681
4.410,2.903
4.408,3.368
4.448,2.990
4.462,2.715
4.232,2.620
3.147,2.270
3.945,3.013
3.247,2.646
4.239,3.220
2.847,2.520
2.204,1.819
4.159,2.998
4.585,2.082
3.930,2.434
3.922,2.867
4.176,1.469
4.023,2.594
2.837,2.657
4.344,3.178
3.349,2.831
2.454,1.988
3.385,2.327
17.686,17.583
13.147,13.125
3.364,1.516
18.013,17.978
13.860,13.771
18.392,18.142
14.252,13.973
8.931,8.836
2.832,2.274
3.777,2.885
2.996,2.880
3.108,2.227
3.082,2.361
2.259,1.363
2.055,1.971
3.217,2.302
2.025,2.025
3.012,2.458
19.673,19.065
15.485,15.331
19.919,19.363
20.203,19.239
6.249,5.698
2.311,2.311
3.754,2.818
6.361,5.360
7.818,5.974
3.743,3.346
2.876,1.095
3.028,2.171
5.246,5.151
3.799,3.630
2.476,1.828
5.215,5.215
3.832,3.516
5.656,5.418
2.418,2.418
5.462,5.290
10.597,10.492
11.670,11.615
11.988,11.966
12.926,12.761
18.152,18.092
2.384,2.352
3.529,3.470
19.184,19.157
20.349,20.338
3.314,3.039
7.501,3.789
4.093,3.403
6.750,2.958
3.317,3.199
6.988,2.598
6.806,2.938
9.008,5.439
6.411,2.528
5.797,5.253
6.868,4.704
5.020,5.020
2.856,2.856
6.691,3.229
7.149,4.297
2.389,2.389
8.482,7.302
6.224,1.823
7.540,5.535
6.440,2.046
6.693,6.608
1.575,1.575
16.153,15.965
17.549,17.465
15.366,15.206
15.963,15.782
17.400,17.331
15.165,15.058
4.999,3.886
16.313,16.194
17.295,17.285
1.989,1.911
17.551,17.414
17.963,17.931
12.380,12.283
17.443,17.286
17.753,17.752
12.431,12.338
4.196,3.124
10.641,10.546
10.660,10.577
0.025,0.024
4.038,2.727
4.264,3.047
4.117,2.962
4.039,2.727
4.267,3.051
4.115,2.959
0.779,0.779
1.843,1.843
2.152,2.152
0.037,0.036
13.962,13.937
14.342,14.252
4.220,2.962
13.966,13.941
14.343,14.255
4.224,2.964
3.981,2.694
13.116,13.027
13.143,13.101
4.394,3.180
4.548,3.555
7.569,7.344
4.462,3.484
4.626,2.211
5.301,5.301
3.504,1.930
6.648,5.575
3.827,1.839
6.601,6.026
3.606,2.841
9.372,9.090
9.207,9.204
3.231,2.336
7.868,7.673
8.118,7.879
1.932,1.829
3.117,2.432
8.325,8.078
8.726,8.421
3.005,2.715
3.995,3.517
3.739,2.699
4.715,4.212
2.981,2.573
4.012,2.228
3.496,3.184
4.163,2.332
1.099,1.099
4.418,2.782
3.471,2.158
2.770,1.790
3.069,1.744
2.553,2.523
2.966,2.313
2.933,1.973
3.524,2.343
2.654,1.350
2.754,2.091
2.695,2.028
5.463,4.991
6.117,3.366
5.511,3.209
7.137,6.171
6.550,4.845
5.695,4.398
6.209,3.331
2.302,1.614
5.227,5.079
5.586,4.991
3.976,1.596
1.295,1.295
2.669,1.983
3.567,1.911
3.880,1.772
4.377,2.126
2.695,2.321
2.921,2.219
3.171,1.852
3.920,2.569
4.491,2.645
4.564,2.406
11.471,10.872
11.811,11.564
3.648,1.642
11.307,11.088
12.493,12.058
11.581,11.200
12.486,12.008
4.743,3.059
5.176,3.519
4.832,3.148
4.955,3.934
5.169,4.007
1.683,1.482
5.532,3.972
5.366,4.332
5.567,3.745
5.230,4.052
4.205,3.601
2.367,2.059
8.059,7.732
5.424,2.573
2.846,2.846
7.973,7.505
5.611,2.562
2.579,2.366
7.714,6.677
6.842,6.108
5.224,2.396
2.299,1.014
8.314,6.643
5.177,4.744
5.215,4.452
8.268,6.561
4.990,4.573
4.868,4.298
6.801,3.491
6.274,3.549
2.559,1.287
4.647,3.258
7.624,6.518
10.397,9.020
5.088,5.082
10.259,8.221
7.963,7.364
8.254,7.172
14.785,13.643
4.160,3.333
14.048,12.764
12.737,12.223
18.270,17.933
18.611,18.208
3.824,1.004
23.340,23.117
22.758,22.702
12.610,12.333
3.395,2.581
18.179,18.177
18.646,18.495
3.182,1.493
3.589,2.316
17.215,17.157
17.038,16.831
2.883,2.237
16.668,16.476
16.449,16.174
17.156,16.914
16.835,16.605
3.702,2.554
6.683,2.940
3.206,2.344
3.303,2.349
6.680,2.807
6.815,3.474
6.657,2.372
2.249,1.240
3.740,2.277
6.635,3.122
6.720,2.119
2.459,1.009
3.437,2.033
2.674,2.525
4.062,2.463
3.759,2.200
2.557,2.482
3.871,2.619
4.217,2.140
2.734,2.044
4.082,2.051
5.939,3.495
5.254,3.229
1.928,1.898
9.345,5.051
2.718,2.578
5.688,3.733
9.235,4.146
4.934,3.283
10.042,4.569
9.811,5.380
7.076,6.876
3.466,3.452
7.214,6.476
18.526,18.525
8.575,8.341
11.230,10.506
21.008,20.992
6.037,4.338
19.811,19.807
20.532,20.194
2.160,2.026
1.427,1.207
1.201,0.971
4.700,4.238
2.184,2.110
2.577,2.515
3.558,2.944
1.710,1.624
4.672,4.188
4.727,4.190
1.572,1.572
2.552,2.450
3.235,2.973
3.533,3.379
2.280,2.173
3.281,2.890
3.284,2.988
3.393,2.923
2.783,2.783
3.111,2.522
1.804,1.571
2.886,2.336
25.432,25.386
2.740,2.740
3.024,2.526
25.402,25.364
2.237,2.176
25.253,25.228
3.528,2.995
26.362,26.330
14.340,14.272
12.634,12.541
12.523,12.508
13.813,13.748
25.629,25.619
25.706,25.674
2.726,2.594
2.816,2.336
24.915,24.909
24.851,24.811
2.033,1.411
1.570,1.570
3.242,3.242
6.893,6.774
1.917,1.736
4.175,3.901
7.163,7.134
4.475,4.475
7.803,7.803
4.039,3.773
1.587,1.489
7.089,3.990
4.960,3.146
5.129,3.899
6.811,3.305
4.683,2.873
5.546,4.427
5.218,2.505
6.355,4.842
6.836,4.518
4.709,2.811
4.357,2.870
8.646,4.104
11.386,9.124
4.037,2.182
7.307,4.046
11.894,9.750
7.441,3.642
12.155,10.212
9.961,9.411
5.057,4.530
6.408,6.165
2.762,2.572
3.579,2.903
5.773,4.053
5.046,4.209
4.411,4.340
5.347,5.266
6.567,6.155
4.364,2.724
6.341,2.115
6.824,1.378
11.145,10.737
4.422,2.931
3.242,2.092
12.347,10.851
6.232,3.655
12.505,11.283
6.053,2.573
13.242,12.848
2.435,2.091
1.988,1.790
13.182,13.077
2.054,1.966
2.144,1.825
12.703,12.698
2.806,2.493
12.935,12.873
2.135,2.006
14.083,13.973
2.668,1.961
9.686,2.279
3.556,3.137
9.525,1.919
10.030,2.920
4.400,3.839
9.548,1.910
8.861,2.026
3.096,2.204
9.120,3.215
9.626,4.094
3.250,2.454
9.447,3.827
9.010,4.381
8.981,3.491
3.671,3.671
2.488,2.033
9.423,4.849
8.375,3.406
4.968,4.663
6.053,4.259
3.369,1.973
4.668,3.204
3.378,2.794
6.029,4.073
3.262,2.528
4.098,3.149
3.520,3.126
4.355,3.171
3.195,1.577
3.190,1.576
3.023,1.591
4.147,2.157
2.883,1.172
3.154,1.518
3.122,1.794
3.612,1.588
3.885,2.458
3.189,1.886
3.342,1.863
4.700,2.698
4.867,3.076
6.095,1.890
2.193,2.137
4.103,2.190
5.081,2.911
4.781,2.844
4.713,3.561
5.421,3.318
6.146,2.034
4.710,2.450
4.476,4.141
4.973,2.736
2.727,2.393
4.514,4.059
2.094,1.797
4.695,3.055
4.831,4.036
3.168,2.909
4.842,3.028
17.518,17.349
4.906,3.024
3.911,1.877
5.303,3.306
16.255,16.087
17.832,17.755
16.591,16.268
3.732,3.301
3.966,1.770
5.122,3.651
19.218,18.967
3.959,1.370
3.345,3.113
18.900,18.738
19.753,19.682
16.924,16.781
20.543,20.333
4.692,3.620
19.423,19.237
17.874,17.558
6.889,3.366
2.627,2.545
2.927,2.833
9.885,6.273
6.861,3.865
7.100,4.312
7.602,5.705
2.979,2.644
10.085,6.499
10.693,6.789
3.826,2.493
3.683,2.200
4.003,2.849
12.971,12.765
1.925,1.925
5.489,3.942
12.185,12.178
5.250,3.634
12.802,12.778
13.260,13.053
1.921,1.872
12.897,12.410
12.341,12.135
11.762,11.500
12.911,12.373
12.318,12.086
11.850,11.526
3.141,2.145
3.506,2.705
2.631,2.477
0.374,0.374
3.151,1.947
3.867,2.095
2.234,1.823
3.122,1.982
3.879,2.113
2.255,1.716
3.338,2.218
3.415,2.404
3.793,2.427
10.486,10.082
10.626,10.319
2.937,1.380
9.935,9.520
3.247,1.694
10.745,10.079
4.423,1.682
10.313,10.313
3.071,2.223
9.628,9.591
6.721,6.609
5.960,3.457
7.808,7.234
4.953,3.877
6.422,5.334
5.447,2.338
5.698,4.491
5.570,5.570
3.413,2.606
5.137,4.911
8.254,6.151
3.812,3.786
7.545,6.334
6.046,3.284
6.992,5.928
6.283,4.641
8.534,6.198
6.132,5.856
7.845,4.308
7.364,5.669
3.345,1.769
2.842,2.726
3.313,2.389
2.860,2.481
3.429,2.759
1.988,1.752
2.797,1.824
3.397,2.610
3.825,3.232
2.696,1.774
5.683,3.479
5.584,4.194
2.302,2.302
5.491,4.510
5.009,3.754
5.787,3.004
6.259,4.300
5.609,3.377
4.442,2.610
4.906,3.730
3.515,2.999
3.939,2.951
3.951,1.468
2.840,2.385
2.040,1.309
2.649,2.649
3.931,2.663
3.046,2.657
4.407,2.621
4.292,2.216
1.642,1.642
7.998,5.207
7.249,3.774
6.637,3.045
8.494,5.787
7.199,3.508
6.421,2.811
7.173,7.172
5.972,5.391
3.979,2.744
11.068,7.401
8.781,8.203
2.272,2.080
10.780,7.498
16.835,14.594
11.251,7.648
13.506,13.468
8.398,7.760
9.030,2.900
10.357,7.009
2.071,1.770
9.438,4.966
13.843,13.042
15.127,14.557
9.103,4.856
13.674,12.957
14.946,14.398
15.585,15.146
17.011,16.691
4.811,2.893
17.892,17.846
11.680,11.509
13.666,12.896
13.016,12.771
10.574,10.405
9.893,9.377
11.218,10.736
5.624,3.496
5.580,3.640
3.361,3.175
7.973,4.575
4.927,3.071
4.374,3.252
2.597,1.980
8.556,5.204
9.104,5.367
7.215,4.603
4.069,2.855
5.138,2.798
4.090,3.221
7.991,4.044
8.320,4.710
9.158,6.328
18.964,17.995
3.569,3.452
6.393,5.788
17.864,17.612
4.403,3.398
18.281,17.923
19.105,19.034
9.741,5.673
11.495,7.325
11.163,4.480
9.008,7.402
5.491,3.184
10.121,8.446
6.351,3.650
10.812,9.776
7.840,3.968
11.637,9.902
6.857,3.952
5.325,3.107
15.480,12.862
5.253,2.460
8.358,4.437
16.085,14.421
7.759,3.805
15.794,13.619
2.382,2.144
15.746,13.745
8.075,3.883
8.359,4.738
7.905,3.892
3.780,3.621
3.662,3.336
2.861,2.346
8.071,5.079
4.370,3.431
8.342,4.843
8.060,4.676
3.009,2.365
7.987,7.901
3.258,2.357
3.341,2.454
8.018,7.957
3.479,2.627
3.347,2.571
7.965,7.851
7.823,7.691
0.710,0.710
0.864,0.453
7.895,6.307
8.159,6.531
14.190,13.900
7.952,6.342
8.185,6.588
14.176,13.865
1.890,1.701
14.235,13.862
14.128,13.707
3.251,2.113
6.055,1.936
5.964,2.370
6.275,2.437
6.234,1.829
6.183,2.035
6.163,1.873
3.056,1.876
2.821,2.124
1.888,1.746
2.330,2.029
9.870,8.085
9.300,6.945
9.809,7.470
9.254,7.521
8.508,6.485
9.164,6.996
4.615,4.088
4.770,4.093
1.990,1.468
0.613,0.045
8.795,7.280
9.136,6.767
2.850,2.643
8.761,7.269
9.107,6.760
2.917,2.646
3.238,3.039
9.278,6.454
9.441,5.749
1.482,1.394
3.238,3.086
3.870,3.721
4.175,4.016
2.712,2.522
3.242,3.186
3.621,3.494
1.499,1.466
2.813,2.654
2.807,2.577
5.994,4.285
4.218,3.169
6.629,5.062
5.796,4.932
5.887,4.192
2.218,1.849
6.851,6.389
6.332,4.961
7.669,6.524
7.602,7.014
0.166,0.166
1.147,1.147
11.848,11.577
14.602,14.444
1.223,1.223
11.824,11.542
14.595,14.451
11.272,11.107
14.762,14.632
24.155,24.123
2.313,2.226
5.193,3.847
4.073,3.707
9.117,8.651
4.982,3.096
2.268,2.255
8.088,7.304
4.710,2.947
6.640,6.450
6.746,5.981
6.541,1.590
2.952,1.650
2.070,2.031
6.270,1.749
5.998,1.545
6.574,1.627
1.908,1.463
2.922,1.887
6.060,1.566
6.357,2.354
2.639,1.656
2.170,1.697
14.127,13.532
13.354,13.208
2.354,1.821
14.397,13.827
13.647,13.484
13.712,13.266
13.322,13.046
6.138,2.260
10.302,6.072
4.676,4.236
12.129,7.752
12.230,8.023
7.900,3.490
7.239,5.516
6.375,4.786
9.766,5.528
9.924,5.407
3.947,2.665
2.214,1.333
3.267,2.168
3.285,2.069
13.634,13.634
2.527,1.661
3.290,2.407
13.878,13.819
2.405,2.354
13.577,13.348
13.508,13.255
6.671,5.384
7.608,2.868
6.995,5.551
7.552,5.913
7.991,6.203
1.608,1.608
7.603,2.872
7.432,6.210
7.931,6.366
7.484,3.007
23.525,23.394
23.522,23.391
27.093,27.055
21.417,21.417
0.025,0.024
13.780,13.780
4.216,3.494
13.769,13.769
4.210,3.487
13.348,13.319
19.007,18.900
18.588,18.501
19.831,18.870
19.203,18.302
1.669,1.453
6.810,2.848
6.575,2.510
6.996,2.682
6.682,2.417
2.140,2.043
5.582,3.480
5.148,4.296
5.728,3.288
11.134,11.067
3.259,2.568
1.771,1.673
11.336,10.434
4.382,3.381
10.422,9.693
11.465,10.492
5.242,4.345
11.294,10.994
5.561,4.523
5.537,3.713
10.953,9.971
5.898,3.154
3.317,2.484
10.108,10.035
11.990,10.889
5.648,3.377
2.062,1.135
12.024,11.735
11.838,11.578
13.382,12.928
11.809,11.462
11.629,11.260
13.139,12.771
2.100,1.273
15.568,15.132
15.968,15.434
2.361,0.820
7.211,6.462
8.498,7.181
8.926,7.702
7.548,6.651
8.724,7.315
8.820,7.829
3.566,2.857
4.196,2.854
2.480,1.246
3.222,2.888
2.785,2.769
9.041,7.713
9.232,7.737
3.461,3.116
9.744,8.122
9.731,7.981
9.677,7.231
10.117,7.652
10.738,10.707
2.652,1.467
3.125,1.612
1.659,1.108
2.671,1.604
3.301,0.516
3.011,1.493
2.026,1.637
3.104,1.522
3.681,1.668
2.415,1.591
0.096,0.096
3.764,2.894
3.156,2.254
10.253,10.235
3.772,2.910
3.158,2.263
10.280,10.261
3.087,2.298
9.982,9.944
10.111,9.953
9.579,7.822
4.480,3.644
6.467,4.024
10.678,9.860
7.803,6.515
7.811,6.675
4.035,3.407
4.053,3.006
9.320,8.424
9.344,8.362
4.414,1.169
4.243,3.389
4.358,3.394
4.278,3.654
3.508,2.929
3.616,3.017
4.067,3.109
2.462,2.232
4.457,1.136
4.792,2.346
6.091,4.834
6.080,4.570
2.267,2.043
5.201,4.982
6.355,5.423
6.032,4.857
6.122,5.571
6.591,4.239
5.998,3.836
4.842,4.679
5.147,3.630
3.933,3.477
4.458,2.212
5.388,2.925
4.363,1.560
4.407,3.653
4.623,3.559
4.749,3.691
5.291,3.285
4.225,3.300
6.361,4.242
6.362,4.217
6.852,5.009
4.378,3.779
4.918,3.395
4.926,4.223
6.733,5.015
2.871,2.733
6.908,4.332
7.336,4.336
4.966,2.953
15.860,15.788
15.313,15.093
15.374,15.236
15.625,15.453
14.822,14.782
14.978,14.894
4.968,3.106
2.124,1.982
4.803,2.691
3.423,3.302
3.978,3.495
3.345,2.563
2.328,2.095
2.411,1.825
4.233,3.774
3.090,2.881
3.805,3.772
3.309,2.879
3.340,2.646
2.168,1.939
10.607,10.303
14.586,14.518
11.438,11.156
10.205,9.757
13.587,13.584
11.061,10.661
16.378,16.125
2.182,2.126
16.160,15.890
3.321,2.970
16.893,16.788
5.761,5.565
3.358,2.503
15.452,15.418
4.081,3.823
2.780,2.640
13.883,13.757
17.243,17.212
5.571,5.378
1.992,1.992
2.340,2.072
4.061,3.525
5.365,4.795
2.134,1.720
3.115,2.525
4.186,3.529
3.000,2.677
4.528,4.080
2.287,2.287
4.819,3.703
2.383,1.909
6.159,5.934
12.249,12.237
4.719,3.311
9.117,8.466
14.703,14.427
6.835,6.771
13.212,13.174
7.662,7.550
4.613,3.205
10.349,9.971
21.189,20.964
8.371,8.337
9.505,9.505
20.092,20.092
9.022,8.453
20.608,20.608
4.847,3.400
20.585,20.319
2.424,1.868
2.499,2.066
5.680,4.972
8.052,7.740
1.713,1.504
4.333,3.955
8.510,8.076
3.950,3.587
8.419,8.104
10.300,9.906
2.290,2.039
1.635,1.635
2.866,1.959
2.847,1.897
2.389,1.568
2.179,1.759
3.070,1.787
3.101,2.027
2.520,2.010
2.167,0.685
5.981,1.327
2.129,2.068
14.447,14.187
2.500,1.920
5.947,2.361
14.944,14.662
5.297,1.803
13.304,13.122
3.454,2.913
15.424,14.914
1.891,1.883
2.773,2.224
11.620,4.978
12.515,6.835
2.689,2.112
11.554,4.055
12.270,5.791
11.359,4.453
12.205,6.687
4.633,3.768
2.313,2.313
2.042,1.984
6.945,6.493
6.997,6.517
2.825,2.767
8.173,7.432
8.154,7.442
6.546,6.004
6.612,6.039
1.443,1.423
3.902,3.526
6.306,4.423
3.554,3.089
3.382,2.740
5.387,4.342
3.220,3.181
4.042,3.789
6.397,4.668
6.844,4.921
1.431,1.431
26.020,25.079
9.533,4.113
25.416,23.969
8.361,4.634
26.470,26.039
4.980,4.116
26.163,25.753
25.233,24.821
4.425,3.548
25.043,24.509
4.020,2.563
3.320,2.421
4.714,3.533
2.357,1.880
3.615,2.153
2.065,2.065
3.886,2.795
4.245,3.349
3.315,2.289
4.678,3.727
3.906,2.488
5.371,4.723
3.726,2.456
9.246,5.827
4.559,3.946
2.309,2.293
8.952,5.020
5.900,4.956
9.210,3.853
8.977,5.683
1.718,1.718
6.054,3.932
8.921,3.637
8.096,3.744
5.999,3.813
8.783,3.869
7.872,3.693
7.785,4.758
7.318,4.020
2.911,2.620
1.979,1.561
20.076,19.630
4.621,2.757
2.814,2.416
20.280,19.872
4.347,2.505
2.453,2.194
20.858,20.295
20.673,20.214
4.198,2.527
4.427,2.751
4.489,2.612
1.866,1.235
4.279,4.133
1.876,1.535
4.803,2.941
4.113,3.782
4.633,2.828
4.857,3.939
4.504,4.247
5.355,3.465
6.390,4.581
7.551,6.265
6.074,3.183
5.192,3.457
6.053,4.513
5.099,3.198
5.029,3.694
2.927,2.780
5.525,4.980
7.333,4.434
4.866,3.739
2.872,2.386
4.878,4.475
8.370,5.100
7.502,4.336
7.272,6.433
4.746,4.435
5.668,3.275
6.405,5.665
8.407,4.639
1.673,1.409
7.966,4.886
9.628,8.284
8.221,4.550
4.283,4.182
8.873,8.145
7.764,4.534
9.920,8.474
9.683,9.316
8.414,4.628
2.097,1.750
7.913,5.502
5.186,4.077
8.360,4.166
6.123,3.651
8.229,5.512
7.631,5.250
5.138,3.985
9.224,6.759
3.604,3.149
2.308,2.195
17.594,17.295
18.048,17.956
2.695,2.387
19.095,18.806
19.470,19.298
18.516,18.140
18.786,18.657
4.211,3.333
9.427,9.111
9.348,8.870
4.424,3.136
3.942,2.765
4.065,2.387
7.756,7.165
8.702,8.068
7.137,7.064
8.211,7.976
2.132,2.132
6.666,6.456
7.260,6.870
5.683,4.041
6.100,5.970
1.738,1.425
5.814,3.999
3.884,2.024
6.043,4.399
4.341,2.362
4.570,3.603
3.451,1.401
3.515,2.264
2.749,2.644
2.095,2.095
3.229,2.024
3.132,2.134
3.732,2.043
3.498,2.344
3.153,1.428
3.080,2.141
3.806,2.099
2.701,2.404
3.848,2.497
3.155,2.895
3.572,1.895
1.973,1.968
3.827,2.441
3.544,1.965
2.320,2.189
3.697,1.898
3.263,2.692
1.954,1.344
4.696,4.196
4.910,4.079
2.540,2.386
3.538,3.310
3.206,3.007
4.259,3.967
4.210,3.881
2.357,1.958
2.262,1.190
5.274,1.816
4.907,1.771
8.226,8.188
4.845,1.868
5.191,1.904
8.709,8.495
1.923,0.630
10.058,8.864
9.966,8.969
3.001,2.519
3.807,2.796
1.828,1.681
2.412,1.618
2.502,1.472
1.830,1.537
1.974,1.645
3.081,2.060
3.117,2.194
2.094,1.297
15.103,15.063
16.687,15.910
15.459,15.302
13.653,13.324
5.954,2.811
2.511,2.284
27.762,27.762
6.248,2.115
28.807,28.331
27.930,27.907
2.711,2.609
1.963,1.871
3.479,2.429
3.454,2.341
3.306,3.067
2.978,2.492
4.394,3.302
2.630,2.186
3.640,1.341
3.745,1.921
18.482,18.425
2.633,2.495
17.073,17.070
16.748,16.748
18.274,18.233
14.588,14.528
14.489,14.348
16.558,16.540
16.261,16.232
2.264,2.184
18.373,18.151
2.426,2.230
5.816,3.242
5.942,3.354
18.457,18.040
18.464,18.375
18.341,18.268
5.981,3.499
6.074,3.459
1.290,1.023
2.682,2.113
3.704,1.487
2.864,2.506
7.175,3.393
4.211,1.853
2.159,1.769
6.949,2.937
3.917,2.094
7.454,3.273
6.894,2.893
4.064,3.227
7.323,3.971
3.847,3.080
6.883,6.389
7.216,4.319
2.469,2.393
4.485,4.446
7.522,4.388
7.965,6.210
5.032,4.966
3.945,2.943
2.285,2.012
6.689,5.105
3.595,3.326
3.337,2.736
6.439,4.136
1.931,1.816
6.796,4.942
2.467,2.272
6.805,4.322
8.444,6.689
7.434,5.098
8.230,6.395
8.177,6.562
3.702,3.631
2.740,2.504
1.892,1.785
3.216,3.158
3.872,3.727
1.854,1.596
9.458,3.170
9.222,2.792
9.237,2.737
17.039,16.452
1.473,1.470
3.592,3.481
18.551,17.915
2.832,2.828
18.373,17.856
16.410,15.896
2.086,1.624
5.161,4.660
5.734,5.195
2.979,2.741
4.931,4.543
5.909,5.339
2.178,2.178
2.204,1.823
3.548,3.268
4.578,4.071
5.855,3.308
8.709,6.279
8.154,3.634
6.044,4.590
5.982,5.185
8.184,5.224
7.301,5.971
9.898,6.978
8.403,7.512
8.220,4.998
4.634,3.187
5.116,3.703
3.112,2.542
6.682,3.712
1.764,1.582
4.099,2.780
5.708,3.022
4.225,3.132
5.966,3.438
6.716,3.269
2.056,1.479
14.821,14.631
13.488,13.488
16.362,16.359
14.705,14.603
13.660,13.523
16.851,16.841
3.520,2.134
24.811,24.811
24.212,24.107
2.487,1.213
15.003,14.911
15.184,15.029
12.944,12.944
15.536,15.496
15.635,15.609
13.572,13.550
2.210,1.078
2.883,2.652
2.948,2.793
2.265,1.739
9.805,4.008
9.807,3.591
4.102,3.076
9.243,3.736
9.346,3.648
3.712,2.730
2.798,2.283
9.530,4.079
9.701,4.137
4.081,3.641
0.711,0.711
2.057,1.372
5.056,4.289
3.984,3.599
4.195,3.497
1.674,1.646
1.940,1.427
4.934,4.195
4.746,4.272
13.912,13.644
7.385,6.408
9.398,8.892
3.993,3.734
13.556,13.160
8.743,7.837
13.888,13.659
8.940,8.527
6.523,5.477
9.003,8.605
7.051,5.551
8.716,5.349
6.295,4.678
8.365,5.120
8.719,5.592
1.922,1.922
8.968,5.730
8.512,5.091
2.242,2.242
8.553,5.048
8.425,4.819
7.751,4.083
7.697,6.920
2.403,2.033
4.254,2.733
9.677,7.028
8.562,5.081
8.806,6.993
8.084,4.153
7.642,6.910
9.698,5.031
3.213,2.917
9.391,4.553
11.312,9.426
9.171,4.693
4.013,3.634
10.912,10.313
8.647,4.572
10.894,9.234
9.223,8.574
0.142,0.142
11.811,11.518
11.816,11.517
1.522,1.334
11.834,11.533
11.839,11.532
1.467,1.299
0.118,0.117
12.113,11.863
12.107,11.858
7.698,4.010
4.389,3.878
5.318,4.553
8.327,5.381
7.141,4.215
6.860,5.036
5.655,4.403
4.984,4.000
7.898,3.512
8.420,5.045
2.456,1.236
1.880,1.760
3.228,2.211
4.295,3.676
2.542,1.636
1.926,1.890
4.423,3.301
2.764,1.799
5.096,3.697
4.791,3.250
6.174,5.547
7.017,6.403
2.245,2.245
3.357,2.005
3.024,2.812
5.024,4.418
5.546,5.476
5.874,5.236
6.742,6.484
3.511,2.424
11.555,11.555
7.052,6.947
12.647,12.647
14.057,14.057
8.461,8.393
9.155,9.155
5.020,5.020
14.067,14.024
8.695,8.695
13.695,13.695
3.331,1.905
14.634,13.852
11.414,10.776
12.118,11.828
13.807,13.477
10.838,10.408
12.192,11.383
6.266,6.266
6.785,3.219
7.645,4.811
4.809,1.615
1.251,1.251
4.858,2.082
3.757,3.307
4.734,1.886
2.299,2.284
4.905,3.496
4.888,1.970
3.794,3.355
3.963,3.599
4.826,1.989
1.732,1.732
17.005,17.005
16.846,16.637
4.990,2.363
17.661,17.086
16.777,16.650
16.694,16.694
16.366,16.224
4.324,3.492
5.011,3.118
17.125,17.125
18.145,17.755
3.447,3.447
17.540,17.237
17.671,17.618
5.540,4.290
5.553,3.948
15.904,15.898
17.110,16.778
2.362,1.432
6.464,3.201
2.527,1.938
6.047,1.864
6.293,3.258
2.189,2.083
5.747,2.107
6.644,3.357
4.433,2.813
5.927,2.426
4.264,2.993
7.181,3.486
6.247,3.727
6.197,4.152
8.201,3.921
4.939,2.481
4.563,2.910
8.067,4.187
8.349,3.582
3.804,2.827
12.710,12.572
13.230,12.679
12.917,12.570
13.209,13.080
4.368,3.900
4.415,3.629
2.000,1.931
2.802,2.760
5.087,4.740
4.622,4.242
3.440,3.375
4.532,3.614
3.949,2.405
4.584,2.593
3.994,1.833
4.471,3.443
4.503,2.782
4.128,3.721
3.306,2.862
2.975,2.727
3.994,3.394
2.160,2.037
12.646,12.592
3.880,1.982
3.888,2.374
11.302,11.164
3.192,2.700
12.026,11.783
3.628,1.378
12.369,12.030
3.980,1.149
2.103,2.029
13.336,13.067
11.843,11.360
4.311,1.922
12.740,12.737
11.154,11.151
12.886,12.362
12.079,11.473
18.138,18.096
0.237,0.237
1.861,1.312
2.275,1.538
2.443,2.443
1.843,1.273
2.273,1.538
2.599,2.599
2.850,2.303
2.761,2.670
2.950,2.748
4.211,2.754
7.563,2.912
7.073,2.831
7.434,3.644
7.020,3.210
6.790,3.039
7.143,3.456
1.880,1.740
3.091,2.731
2.622,2.218
11.440,3.393
11.240,3.480
11.549,5.996
11.303,3.648
1.875,1.513
5.205,4.395
3.274,1.800
5.702,4.748
3.554,1.989
5.835,4.489
4.485,3.545
3.057,2.476
4.029,3.016
3.306,2.498
3.219,2.688
1.485,1.485
4.986,4.373
2.887,2.293
3.115,2.967
3.925,3.377
12.677,12.537
12.762,12.753
3.770,2.804
12.216,12.149
4.197,3.033
12.180,12.073
2.338,1.300
12.462,12.244
3.599,2.843
12.011,11.740
2.797,1.846
30.458,30.437
21.310,21.200
26.191,25.996
30.138,30.088
20.997,20.741
25.819,25.727
15.130,14.966
13.280,12.921
15.076,14.935
6.478,4.220
2.027,1.447
6.481,4.380
6.391,4.186
6.561,4.127
2.200,1.931
2.126,1.512
6.732,4.153
6.580,4.005
2.255,2.144
6.016,4.781
6.956,5.883
2.024,1.756
4.038,3.599
2.074,1.932
5.549,4.727
5.005,4.133
6.464,5.787
6.197,5.412
4.089,3.742
8.623,6.231
3.503,2.935
4.126,3.376
5.094,3.526
9.415,7.521
8.474,7.695
8.774,8.021
4.685,3.692
3.849,3.277
2.947,2.679
6.334,5.471
9.022,7.121
9.714,6.942
4.918,4.158
9.386,5.949
9.735,8.892
2.289,2.252
8.980,8.401
9.457,6.005
9.681,8.227
4.242,3.778
4.416,3.827
9.178,9.133
14.723,14.456
2.851,2.609
12.007,11.891
12.147,12.091
11.738,11.557
12.603,12.420
23.298,23.224
3.773,3.449
4.696,4.189
8.293,7.931
4.583,3.722
4.715,3.854
6.991,6.175
4.493,3.189
5.334,5.334
2.822,2.372
5.384,5.228
3.851,2.650
1.921,1.871
8.892,7.204
8.134,6.525
3.654,2.275
9.205,7.576
8.466,7.075
9.386,7.801
8.786,7.096
4.687,2.646
9.729,3.387
8.465,4.063
5.239,5.102
3.940,2.886
6.529,5.284
9.889,4.527
9.668,4.221
10.724,7.770
8.579,3.678
7.053,6.633
8.750,3.405
9.189,2.986
6.631,6.540
9.403,4.071
5.108,3.270
11.787,8.924
3.234,1.875
11.093,6.998
4.475,3.507
12.669,9.588
9.020,3.819
1.803,1.657
8.060,3.849
2.912,2.002
9.361,3.758
5.333,3.848
8.750,3.654
8.095,3.818
3.535,2.507
8.735,4.158
2.988,2.853
9.611,4.109
12.516,10.153
3.989,3.927
9.223,3.919
13.772,11.503
2.866,2.675
10.766,10.577
9.570,4.592
14.581,13.003
5.991,3.731
5.322,2.840
6.789,4.307
16.254,14.659
4.042,3.641
3.374,2.568
17.942,16.405
4.996,3.974
15.808,13.901
17.493,16.157
9.240,4.263
2.551,2.457
9.799,4.533
9.540,5.394
9.028,3.920
3.041,1.981
3.501,3.353
9.526,4.237
9.050,4.428
4.287,3.491
8.442,3.570
10.528,6.048
10.759,6.826
6.524,3.642
7.546,5.680
9.053,6.843
8.776,3.516
4.999,3.733
9.366,4.701
9.388,6.235
3.451,3.023
3.023,2.921
4.068,3.532
6.796,5.382
2.799,1.866
2.406,1.691
5.001,3.974
2.173,1.367
5.312,4.178
4.589,3.871
4.277,3.152
3.727,3.647
1.962,1.770
4.293,3.420
3.960,2.631
3.628,2.619
2.159,2.000
2.975,2.893
3.189,2.126
3.522,2.857
3.275,2.672
5.540,4.290
5.964,4.703
6.740,5.536
6.709,5.298
7.278,5.599
7.766,5.947
2.204,1.306
3.072,2.553
2.340,2.226
4.119,1.560
24.462,24.423
2.738,2.152
25.178,25.020
25.068,24.947
4.287,2.307
25.114,25.112
23.630,23.573
23.484,23.459
24.506,24.265
8.114,6.434
6.411,6.168
7.818,6.380
5.633,5.580
8.018,7.115
3.961,3.708
8.114,6.936
7.069,5.676
1.875,1.540
7.153,5.444
1.962,1.962
19.608,17.382
11.673,10.358
11.666,10.957
19.847,18.068
11.619,10.463
11.610,11.067
21.647,21.148
22.108,21.419
2.420,2.195
3.847,2.647
6.149,5.321
4.513,2.315
4.999,3.196
5.215,4.173
4.208,2.387
4.226,2.707
5.399,4.465
4.561,3.461
1.821,1.763
7.287,7.287
4.059,4.038
14.211,14.209
8.727,8.674
4.026,4.026
12.733,12.732
13.747,13.747
13.807,13.807
11.510,11.488
13.142,13.117
4.692,4.458
4.296,1.901
5.178,4.274
2.673,2.203
5.291,3.801
2.858,2.389
4.036,3.631
4.794,3.577
4.005,1.794
4.135,3.639
1.890,1.782
3.898,3.402
2.323,2.235
10.862,6.268
3.476,3.155
2.430,2.315
10.829,6.148
2.390,2.345
10.910,6.930
11.256,6.597
5.088,3.398
6.098,4.255
4.947,3.051
6.433,4.997
4.502,3.389
2.049,1.776
4.721,3.360
4.277,3.423
3.935,2.692
4.739,3.664
2.300,2.255
8.778,8.721
20.729,20.729
14.429,14.429
8.016,7.979
21.070,21.068
14.491,14.491
20.565,20.561
18.580,18.536
26.683,26.668
0.354,0.354
13.643,12.797
13.866,13.026
14.227,13.537
13.813,12.999
14.038,13.231
14.449,13.760
0.380,0.380
4.949,4.083
4.856,3.948
15.876,15.853
16.109,16.106
10.819,10.738
14.945,14.888
1.378,1.378
20.253,20.245
10.563,10.563
21.100,21.063
11.547,11.522
13.900,13.900
6.520,6.260
3.887,3.460
1.606,0.309
4.589,3.249
8.003,7.922
6.348,6.062
8.530,8.457
3.987,3.606
2.277,2.234
4.640,3.385
7.977,4.605
2.438,2.281
4.083,3.714
7.392,4.667
8.806,5.011
8.332,4.586
3.750,3.058
4.672,4.254
7.769,5.390
7.801,4.291
8.109,4.309
2.421,2.263
4.227,3.702
4.458,4.000
8.261,4.477
7.646,4.267
8.603,5.047
4.363,3.682
4.429,4.076
2.222,2.222
13.321,12.546
4.421,3.644
8.721,7.994
5.387,3.698
11.743,11.552
17.457,17.450
10.685,10.664
8.664,8.302
5.115,3.613
8.710,8.583
2.014,1.426
1.488,1.113
4.083,2.614
2.866,2.173
2.105,1.750
4.133,2.325
2.123,1.613
4.047,2.612
2.853,2.370
3.898,2.363
2.141,1.928
6.620,1.966
2.689,2.538
4.100,3.805
6.198,1.461
3.189,2.655
3.418,3.185
6.612,2.705
6.790,3.393
3.133,2.654
7.356,4.197
18.035,16.517
2.599,2.012
4.933,3.654
16.880,16.686
6.506,4.107
7.388,4.104
18.053,16.812
18.754,17.792
5.198,3.681
2.151,1.935
2.041,1.985
17.143,16.482
18.085,16.648
3.129,2.926
17.095,16.571
17.862,16.647
16.707,15.852
17.493,16.134
4.762,4.241
6.168,5.452
5.929,5.426
5.947,5.439
6.019,5.611
2.617,1.741
2.066,1.017
2.368,1.962
1.564,1.564
2.791,1.914
2.895,1.963
2.740,1.894
18.711,18.295
3.759,3.231
1.802,1.802
19.930,19.400
2.322,2.126
2.099,1.261
19.983,19.415
20.063,19.523
2.814,2.705
5.557,4.311
1.989,1.771
6.185,4.311
6.322,5.841
5.258,4.163
5.708,4.113
6.888,5.982
6.310,4.515
6.407,5.898
5.049,4.914
11.343,9.872
16.433,16.234
11.454,10.939
10.961,9.946
13.082,9.799
3.598,3.308
10.904,4.049
11.098,8.482
9.981,9.756
9.995,4.625
7.358,5.749
6.526,5.802
7.667,5.957
16.769,14.672
3.919,3.292
2.681,1.951
14.810,11.203
4.589,3.625
14.356,11.166
14.124,10.925
14.903,14.588
14.506,14.252
6.075,5.100
12.937,12.918
4.180,2.185
10.745,10.745
24.348,24.117
10.984,10.533
24.200,24.011
17.515,17.264
3.087,2.297
3.170,2.563
4.453,3.373
11.188,10.999
4.064,2.744
3.072,2.308
10.221,9.870
3.607,2.611
9.431,9.422
9.188,9.016
13.199,12.824
6.776,3.473
14.177,13.596
11.014,10.703
14.875,14.771
18.039,17.758
6.129,4.924
13.001,12.747
13.467,12.446
16.638,15.999
14.310,13.729
13.802,13.142
14.497,13.784
15.675,14.550
4.665,3.496
5.790,3.753
7.387,2.950
2.352,2.286
6.884,4.032
6.540,4.246
6.181,6.029
3.046,2.951
6.754,6.085
9.587,7.865
7.877,7.592
5.046,4.072
9.050,7.555
7.341,7.168
10.909,8.629
8.253,6.437
3.824,3.092
14.714,13.799
15.001,14.940
12.944,12.495
14.272,13.400
14.547,14.520
11.943,11.669
6.287,3.729
23.170,22.500
24.254,23.939
10.685,3.108
11.533,3.003
11.785,3.648
2.213,2.085
2.560,1.930
4.041,3.567
10.994,3.265
2.318,2.318
11.823,3.140
12.020,4.127
3.084,2.974
3.858,1.022
4.412,3.765
3.605,3.296
4.355,2.915
3.198,3.089
2.114,1.976
4.160,3.772
3.631,3.197
3.683,3.621
3.959,2.831
4.082,3.712
5.803,4.840
4.394,4.150
3.556,2.688
6.392,5.582
6.571,5.319
7.994,6.455
7.128,5.875
3.339,2.093
9.897,9.129
6.570,5.691
9.230,8.061
4.092,3.388
9.299,6.371
1.930,1.829
9.695,7.766
8.864,5.650
4.842,3.577
9.197,6.943
1.749,1.706
1.776,1.776
1.649,1.649
4.528,4.338
2.016,1.967
2.161,1.986
4.239,3.993
1.205,0.560
4.544,4.268
4.462,4.257
5.241,2.430
4.273,2.788
5.085,2.614
4.581,2.988
5.570,2.890
5.660,2.580
4.949,2.791
2.681,2.256
4.733,2.175
4.664,2.530
4.761,3.640
1.950,1.934
5.435,4.195
7.495,6.435
4.884,3.249
2.154,1.964
4.254,4.076
5.482,3.669
7.027,5.543
3.256,3.133
1.599,1.594
2.928,2.690
4.334,4.114
4.369,4.209
1.979,1.979
3.746,3.644
3.550,3.508
2.839,2.839
2.426,2.426
1.562,1.562
2.951,2.729
5.768,4.281
4.963,3.449
5.065,4.135
4.912,3.199
5.655,4.602
4.552,3.771
6.347,5.139
2.377,2.299
5.846,4.209
5.674,2.725
5.234,3.600
6.561,3.653
7.299,5.496
6.904,3.857
5.313,3.378
6.632,4.787
4.959,3.100
5.128,3.818
3.405,3.146
6.053,3.208
4.341,2.263
5.511,3.538
4.199,1.662
4.962,3.445
5.248,2.188
5.370,3.440
6.880,3.646
2.365,2.189
6.047,3.222
1.698,1.698
5.419,4.043
1.641,1.641
5.737,5.724
5.595,3.607
1.973,1.973
5.135,5.135
5.443,3.987
6.420,5.572
6.002,5.943
3.230,1.822
4.554,2.697
4.354,2.990
4.435,2.769
3.997,2.452
4.190,2.805
3.131,2.558
3.402,2.843
3.957,3.168
2.134,1.965
3.804,1.884
3.540,1.501
3.795,2.121
3.345,3.135
2.155,2.144
1.771,1.487
4.223,2.181
2.565,2.381
5.134,3.718
4.083,1.925
4.589,2.992
4.793,4.500
4.649,2.869
2.157,1.946
4.636,3.865
1.931,1.523
4.748,3.218
4.712,3.913
4.331,3.908
4.616,3.014
6.684,2.797
15.918,15.853
5.076,4.679
15.367,14.576
18.088,17.408
7.202,6.092
16.251,16.022
13.423,13.115
7.037,3.518
11.995,11.674
12.942,12.803
12.802,12.755
2.903,1.015
13.192,13.029
3.071,1.014
12.767,12.719
3.819,3.114
12.856,12.694
4.373,3.136
13.213,12.987
0.904,0.086
13.009,12.920
9.134,9.061
9.098,9.067
12.985,12.916
9.086,9.043
9.054,9.050
15.665,15.563
15.723,15.621
0.918,0.204
11.804,11.181
9.282,4.917
5.186,4.632
11.581,11.532
10.952,10.363
14.723,13.535
4.761,3.477
9.424,5.967
12.361,10.967
14.766,14.425
1.952,1.783
7.493,6.679
3.751,2.707
7.297,5.421
6.720,5.940
3.625,2.447
6.671,5.092
6.520,5.922
4.521,4.027
5.614,4.935
6.441,4.261
5.843,3.615
4.282,3.546
5.526,3.513
3.136,2.415
6.738,5.556
3.574,2.868
6.459,5.114
1.997,1.954
5.833,4.588
8.782,4.753
4.945,3.970
3.619,2.633
8.855,6.008
7.880,3.695
9.607,5.205
5.291,4.566
5.423,4.492
7.427,4.166
9.186,6.216
2.685,2.138
6.839,4.810
7.490,5.219
5.406,3.541
7.195,4.467
7.685,5.024
4.685,3.463
4.887,3.173
8.502,4.666
7.631,4.401
1.924,1.912
1.593,1.570
5.945,4.681
9.168,6.208
1.900,1.857
6.681,5.313
9.204,6.492
6.055,4.641
9.184,6.401
9.333,5.777
1.945,1.939
4.536,4.411
5.304,4.863
4.468,4.104
5.034,4.472
5.480,5.285
3.565,3.554
5.642,3.262
6.917,6.057
6.540,6.525
3.312,3.096
2.688,2.073
3.201,2.977
3.880,3.257
3.307,2.268
2.091,0.966
3.986,3.396
2.660,2.086
3.579,2.411
4.407,3.309
3.586,1.459
2.014,1.835
3.703,2.459
3.616,2.108
3.603,1.708
3.736,2.590
4.283,2.441
4.356,2.242
3.212,1.958
3.733,1.915
14.893,14.282
8.173,4.267
3.119,2.760
7.937,4.221
16.784,14.777
16.098,15.741
17.236,15.250
8.440,4.817
2.443,1.865
8.620,4.902
1.929,1.866
2.090,1.836
6.332,3.700
6.489,4.093
1.985,1.853
6.740,3.798
6.830,3.778
6.742,3.697
6.773,3.875
3.213,2.837
2.459,1.429
2.747,2.651
4.332,2.129
4.050,2.847
2.765,2.376
4.750,2.214
4.404,2.596
4.378,2.451
4.117,1.901
3.130,2.454
2.222,1.725
14.512,14.062
14.643,14.352
14.237,13.888
14.550,14.193
14.785,14.490
14.372,14.014
3.439,2.370
3.508,2.285
2.185,2.022
0.023,0.022
5.146,2.213
5.154,2.225
4.774,3.528
5.144,2.211
5.152,2.223
4.772,3.526
0.042,0.041
3.622,3.332
3.613,3.324
4.779,2.237
5.865,4.317
5.014,2.772
4.855,2.824
6.175,4.265
5.400,2.830
4.805,2.546
3.154,2.968
4.719,3.388
3.918,2.038
3.121,1.449
4.341,3.373
4.981,4.106
16.438,15.285
2.453,2.453
3.406,3.258
17.111,16.213
2.707,2.707
18.302,17.570
18.666,18.103
0.333,0.333
5.634,4.107
5.208,4.030
6.466,5.355
5.552,3.995
5.124,3.926
6.389,5.269
1.315,1.259
2.646,2.526
2.084,1.914
4.476,3.658
4.221,3.309
2.211,2.198
9.116,9.004
2.180,2.080
3.732,2.816
10.812,10.552
4.023,3.154
9.988,9.721
9.665,9.533
2.072,2.072
2.734,2.345
13.541,13.523
9.477,9.477
2.595,2.321
14.254,14.227
9.893,9.893
14.128,14.106
10.109,10.061
9.045,8.950
2.274,2.274
2.223,2.032
2.938,2.824
13.489,13.477
2.696,2.559
2.519,2.338
14.400,14.375
1.649,1.649
13.676,13.676
14.117,14.117
12.467,7.118
12.306,4.109
6.612,6.559
12.480,7.944
7.109,7.010
12.474,4.103
1.718,1.718
12.545,7.942
8.158,8.077
12.297,4.116
21.025,20.979
14.169,14.100
10.497,10.301
14.112,14.055
12.408,12.070
17.595,17.557
12.542,12.266
9.766,9.154
1.732,1.699
9.652,8.915
2.226,1.364
2.558,2.180
4.763,2.651
14.769,14.429
2.215,2.195
4.414,2.310
14.833,14.467
4.635,2.026
15.131,14.552
14.658,14.614
9.660,9.660
2.598,2.231
2.602,2.602
11.717,11.649
9.731,9.652
8.946,8.946
4.306,4.232
2.769,2.255
11.960,11.884
11.083,11.083
