3.415,3.356
2.982,2.982
3.577,3.577
4.985,4.931
3.037,3.037
3.911,3.907
5.754,5.754
4.201,4.143
5.801,5.801
5.493,5.459
2.760,2.760
4.631,4.631
4.314,4.314
4.915,4.915
4.857,4.857
4.151,4.151
4.377,4.377
2.678,2.678
4.070,4.070
2.612,2.612
3.737,0.143
3.096,3.096
4.016,3.088
2.669,2.669
4.032,3.170
3.162,3.162
4.527,2.575
3.040,0.049
5.227,5.227
5.460,5.227
4.302,4.302
5.054,5.054
5.024,5.024
5.667,5.667
5.688,5.688
5.493,5.493
5.052,5.052
2.921,2.921
3.716,3.716
2.744,2.744
18.707,18.707
16.857,16.857
18.842,18.842
17.853,17.853
5.089,5.089
2.142,2.142
6.307,6.307
5.131,5.131
5.807,5.807
6.269,6.269
6.471,6.471
4.362,4.362
16.773,16.773
16.991,16.991
6.761,6.761
17.311,17.311
17.729,17.729
16.169,16.169
16.575,16.575
6.121,6.121
11.271,11.271
11.335,11.325
12.204,12.204
11.177,11.158
6.929,6.898
6.569,6.569
4.738,4.693
3.484,3.418
7.277,7.277
8.196,8.181
8.569,8.512
14.811,14.806
15.898,15.889
4.193,4.177
9.907,9.865
10.464,10.431
8.539,8.494
2.156,2.029
14.103,14.093
15.203,15.203
9.998,9.984
3.519,3.485
9.593,9.580
9.317,9.266
9.859,9.830
3.477,3.456
5.147,5.088
10.440,10.430
10.098,10.043
4.254,4.150
16.443,16.443
16.161,16.161
15.837,15.837
18.073,18.073
5.476,5.476
3.289,3.289
4.325,4.325
5.222,5.222
4.445,4.445
4.981,4.981
12.856,12.856
24.977,24.977
3.546,3.546
3.260,3.260
17.165,17.165
13.326,13.326
12.756,12.756
24.931,24.931
25.483,25.483
2.669,2.669
10.898,10.898
4.612,4.612
10.928,10.916
4.975,4.975
10.314,10.297
2.197,2.082
10.460,10.447
10.650,10.639
2.014,2.014
10.791,10.766
7.458,7.458
7.651,7.651
5.089,5.065
5.572,5.572
1.792,1.792
6.551,6.538
6.389,6.389
6.658,6.638
6.667,6.667
3.286,3.204
2.783,2.755
7.980,7.921
8.205,8.181
8.279,8.240
8.241,8.206
8.087,8.087
8.421,8.405
3.302,3.229
2.791,2.689
3.196,3.115
4.902,4.854
2.393,2.301
4.043,4.043
8.858,8.851
5.629,5.629
6.284,6.284
9.378,9.364
2.953,2.953
7.947,7.946
7.597,7.581
2.067,2.067
3.025,3.025
12.032,12.032
3.510,3.510
2.087,2.087
11.822,11.822
2.719,2.719
11.892,11.892
2.418,2.418
12.438,12.438
17.241,17.239
6.888,6.886
17.278,16.955
9.714,7.171
19.964,19.955
27.324,26.787
21.101,19.964
13.658,13.650
8.423,2.208
13.506,13.053
3.851,3.818
5.822,5.822
12.348,12.340
9.440,9.427
4.909,4.889
12.937,12.936
10.078,10.078
10.792,10.771
7.570,7.560
7.566,7.565
5.927,5.927
8.293,5.938
4.269,4.269
8.045,7.145
8.570,0.398
4.174,4.174
9.561,4.929
8.569,4.188
4.986,4.986
8.932,6.740
8.566,8.525
12.035,9.173
11.989,8.861
8.570,8.552
8.816,2.769
16.173,15.576
4.181,4.095
15.856,15.852
9.228,4.546
16.794,15.843
10.588,10.075
7.436,7.180
2.326,2.202
6.459,2.539
8.751,8.721
11.017,9.911
9.788,9.759
7.596,6.911
6.983,6.967
7.129,1.452
2.907,2.907
4.761,4.761
3.751,3.751
4.003,4.003
3.853,3.853
2.053,2.053
4.794,4.794
4.472,4.472
2.871,2.871
5.155,5.155
3.015,3.015
3.005,3.005
3.513,3.513
4.746,4.746
1.653,1.653
3.067,3.067
5.651,5.651
3.133,3.133
6.002,6.002
5.355,5.355
2.478,2.309
16.473,16.465
17.322,17.322
18.312,18.299
16.295,16.295
17.431,17.422
18.110,18.110
16.525,16.525
8.470,8.470
16.530,16.530
5.487,5.487
6.135,6.135
5.508,5.508
6.969,6.969
6.408,6.408
5.975,5.975
6.261,6.261
2.207,2.207
5.254,5.254
5.540,5.540
5.939,5.939
2.224,2.224
7.633,7.633
2.701,2.701
6.176,6.176
6.983,6.983
5.768,5.768
7.472,7.472
2.130,2.130
7.824,7.824
5.611,5.611
6.515,6.515
2.194,2.194
5.728,5.728
7.364,7.364
6.065,6.065
2.093,2.093
6.097,6.097
7.382,7.382
6.109,6.109
2.144,2.144
10.583,10.569
2.777,2.523
10.382,10.377
11.129,11.119
2.312,2.014
10.694,10.694
11.707,11.676
6.306,6.259
11.402,11.349
3.242,3.242
6.906,6.913
7.956,7.956
7.219,7.221
7.108,7.111
8.145,8.145
7.341,7.328
6.840,6.832
3.392,3.392
4.730,4.693
5.361,5.327
8.319,8.295
4.017,3.962
6.565,6.535
8.266,8.220
2.998,2.998
3.386,3.386
8.105,8.104
8.242,8.210
2.798,2.798
1.584,1.584
1.702,1.575
2.681,2.432
5.012,4.900
2.242,2.154
2.575,2.328
5.231,5.121
2.248,1.993
5.019,4.895
5.396,5.347
2.264,2.264
5.424,5.424
8.453,8.453
11.057,11.067
5.171,5.171
9.564,9.564
11.382,11.389
10.781,10.781
11.786,11.781
6.218,6.233
3.600,3.600
4.727,4.727
4.880,4.880
3.687,3.687
4.786,4.786
4.462,4.462
2.509,2.509
3.533,3.533
4.567,4.567
4.419,4.419
4.956,4.930
2.842,2.842
4.944,4.866
4.568,4.524
4.176,4.152
3.644,3.603
3.886,3.837
4.830,4.763
4.685,4.613
3.659,3.633
2.332,2.332
1.968,1.968
2.663,2.663
8.566,8.543
2.188,2.188
2.432,2.358
8.289,8.279
3.093,3.055
8.475,8.453
7.840,7.837
4.727,4.727
2.004,2.004
5.580,5.516
2.380,1.994
4.171,4.125
4.818,4.818
4.328,4.328
4.996,4.866
1.608,0.908
4.821,4.821
2.514,2.514
4.214,4.214
2.662,2.662
5.982,5.982
2.780,2.780
3.167,3.167
5.539,5.539
3.536,3.536
5.308,5.308
5.466,5.466
6.350,6.350
5.844,5.844
6.224,6.224
2.533,2.533
5.943,5.943
2.774,2.774
5.846,5.846
5.813,5.813
4.857,4.857
6.266,6.266
9.988,6.984
9.227,5.925
6.310,6.310
6.456,6.456
2.868,2.868
10.740,3.421
10.627,3.851
10.766,4.177
10.757,3.734
3.282,3.282
6.557,6.557
5.554,5.554
6.395,6.395
5.090,5.090
4.194,4.194
4.261,4.261
4.714,4.714
4.293,4.293
2.352,2.352
3.477,3.477
7.153,7.132
7.202,7.177
6.801,6.801
2.806,2.714
2.514,2.514
1.925,1.875
6.857,6.850
3.206,3.142
7.498,7.495
6.484,6.454
9.616,9.616
2.052,2.052
19.103,19.083
6.103,6.032
9.447,9.447
15.738,15.708
7.421,7.367
19.038,19.018
6.418,6.355
18.272,18.272
13.929,13.927
14.158,14.152
11.126,11.117
2.236,2.164
2.179,2.179
3.930,3.930
13.984,13.959
4.027,4.027
14.301,14.278
11.128,11.101
3.313,3.313
3.095,2.995
2.648,2.571
6.837,6.837
1.866,1.600
3.164,3.031
6.942,6.881
3.254,3.254
7.027,7.027
7.238,7.238
13.049,13.011
2.870,2.870
13.964,13.956
10.413,10.336
12.820,12.768
2.240,2.240
8.852,8.838
13.930,13.862
9.677,9.677
10.158,10.101
1.512,0.869
2.558,2.558
7.116,7.061
2.203,1.906
2.795,2.558
7.083,7.003
2.164,2.071
6.117,6.068
3.729,3.528
7.958,7.864
5.311,5.311
6.630,6.630
3.625,3.625
4.370,4.370
6.223,6.223
3.440,3.440
2.183,2.183
6.410,6.410
6.690,6.690
3.413,3.413
4.244,4.227
2.167,2.031
2.114,2.114
20.806,20.806
4.386,4.386
4.497,4.463
20.513,20.513
2.120,2.022
19.861,19.848
19.777,19.777
7.062,7.062
5.195,5.195
4.990,4.990
9.520,9.520
6.981,6.981
7.366,7.366
9.784,9.784
3.040,3.040
8.231,8.231
8.058,8.058
7.475,7.475
2.237,2.237
7.734,7.734
2.343,2.343
7.531,7.531
3.254,3.254
7.589,7.589
7.636,7.636
3.090,3.090
7.921,7.921
5.331,5.331
4.323,4.323
3.356,3.356
3.340,3.340
3.376,3.376
4.949,4.949
4.442,4.442
4.692,4.692
5.182,5.182
2.990,2.990
7.232,7.232
6.995,6.995
3.953,3.953
5.752,5.752
2.134,2.134
7.295,7.295
4.788,4.788
7.084,7.084
5.143,5.143
5.811,5.811
13.092,13.092
16.266,16.266
12.116,12.116
14.708,14.708
7.264,7.264
3.904,3.904
7.627,7.627
9.852,9.852
5.685,5.685
9.575,9.575
3.258,3.258
4.186,4.186
2.824,2.824
2.418,2.418
3.297,3.297
2.551,2.551
2.954,2.954
4.107,4.107
3.151,3.151
2.812,2.812
14.091,14.089
2.029,2.029
2.218,2.218
3.796,3.796
13.809,13.809
13.877,13.877
14.302,14.299
2.658,2.620
3.002,2.977
2.662,2.662
4.033,4.033
12.512,12.504
8.488,8.488
2.847,2.847
14.612,14.605
8.466,8.466
1.869,1.670
11.575,11.566
13.627,13.614
8.461,8.446
4.196,4.117
4.562,4.546
3.781,3.781
8.250,8.227
5.309,5.309
2.291,2.142
7.772,7.772
5.966,5.956
7.128,7.128
8.334,8.310
4.934,4.796
3.579,3.334
5.152,5.152
5.447,5.345
4.918,4.918
3.618,3.378
5.348,5.312
5.036,4.938
6.229,6.197
5.075,4.978
4.019,4.019
3.975,3.975
4.044,4.044
2.999,2.999
3.803,3.803
4.443,4.443
3.705,3.705
3.573,3.573
2.497,2.497
3.782,3.782
2.248,2.248
4.959,4.959
11.654,11.654
5.006,5.006
5.062,5.062
12.013,12.013
4.513,4.513
12.418,12.418
2.614,2.614
12.714,12.714
5.616,5.616
2.235,2.235
4.242,4.242
7.004,7.004
4.859,4.859
3.934,3.934
4.059,4.059
2.552,2.552
5.875,5.875
5.279,5.279
6.496,6.438
7.820,7.820
1.750,1.750
2.082,1.657
8.296,8.220
6.523,6.473
6.372,6.372
7.929,7.918
7.943,7.892
1.286,0.316
17.592,17.592
19.257,19.257
17.714,17.714
18.687,18.687
5.214,5.214
4.401,4.401
4.250,4.250
4.712,4.712
3.993,3.993
3.449,3.449
5.232,5.232
2.840,2.840
4.660,4.660
4.591,4.591
4.316,4.316
2.601,2.601
3.933,3.933
5.019,5.019
3.723,3.723
4.141,4.141
3.575,3.575
2.912,2.912
2.403,2.403
6.565,6.565
4.229,4.229
3.014,3.014
5.897,5.897
3.478,3.478
6.630,6.630
6.208,6.208
2.440,2.440
3.604,3.604
6.619,6.619
2.534,2.534
3.026,3.026
6.196,6.196
3.362,3.362
5.960,5.960
3.994,3.994
6.473,6.473
1.798,1.478
6.040,6.040
6.956,6.882
3.526,3.526
5.820,5.797
6.251,6.251
3.940,3.807
5.666,5.619
5.766,5.766
7.604,7.535
1.359,1.359
2.752,2.752
6.318,6.318
6.418,6.418
2.666,2.666
6.413,6.413
6.409,6.409
6.661,6.661
6.406,6.406
2.723,2.723
6.096,6.096
2.295,2.148
10.557,10.557
5.474,5.425
5.231,5.180
8.941,8.937
1.989,1.895
10.536,10.522
4.424,4.424
9.357,9.331
4.973,4.973
4.801,4.801
4.426,4.426
5.439,5.439
4.354,4.354
4.022,4.022
4.747,4.747
4.969,4.969
4.951,4.951
1.441,1.441
3.501,3.501
3.060,3.060
3.391,3.391
4.224,4.224
3.151,3.151
2.874,2.874
2.931,2.931
3.841,3.841
3.577,3.577
3.008,3.008
13.260,13.260
15.493,15.493
4.386,4.386
5.218,5.218
22.133,22.133
13.554,13.554
14.549,14.549
16.662,16.662
14.462,14.462
6.184,6.184
3.815,3.815
5.021,5.021
5.962,5.962
5.337,5.337
2.987,2.987
6.098,6.098
5.530,5.530
4.773,4.773
3.910,3.910
3.089,3.089
3.870,3.870
2.477,2.477
11.998,11.998
6.039,6.039
3.840,3.840
11.188,11.188
5.985,5.985
10.408,10.408
5.035,5.035
11.007,11.007
4.471,4.471
3.862,3.862
4.310,4.310
3.059,3.059
3.291,3.291
2.743,2.743
3.507,3.507
3.743,3.743
4.336,4.336
2.260,2.260
14.176,14.176
16.901,16.901
17.094,17.094
16.955,16.955
29.685,29.685
29.990,29.990
29.818,29.818
4.126,4.126
1.992,1.992
4.382,4.382
17.554,17.554
17.008,17.008
15.264,15.264
16.314,16.314
3.947,3.947
4.925,4.925
2.408,2.408
4.621,4.621
3.316,3.316
5.024,5.024
2.378,2.378
13.975,13.975
14.485,14.485
15.387,15.387
13.838,13.838
14.250,14.250
15.568,15.568
2.362,2.362
7.068,7.068
7.319,7.319
2.975,2.975
2.359,2.133
3.539,3.539
3.184,3.047
3.129,2.940
2.550,2.550
2.541,2.362
3.231,3.066
3.465,3.465
2.457,2.192
14.810,14.810
2.997,2.997
13.715,13.715
5.604,5.604
13.426,13.426
2.131,2.131
14.207,14.207
12.648,12.648
5.131,5.131
13.348,13.348
21.754,21.754
21.927,21.927
9.814,9.814
22.217,22.217
2.036,2.036
27.272,27.272
4.903,4.903
27.301,27.301
4.867,4.867
27.452,27.452
14.050,14.050
14.450,14.450
1.982,1.982
14.113,14.113
5.464,5.464
14.569,14.569
5.014,5.014
15.038,15.038
2.967,2.967
14.782,14.782
4.538,4.538
11.034,11.034
12.655,12.655
4.312,4.312
11.205,11.205
12.217,12.217
3.080,3.080
3.025,2.991
11.500,11.500
12.445,12.418
2.002,1.500
4.824,4.824
4.299,4.299
4.501,4.501
4.977,4.785
4.201,4.181
4.842,4.640
3.184,3.062
3.486,3.486
4.710,4.710
4.810,4.810
4.888,4.729
3.521,3.316
4.002,4.002
1.773,1.008
4.792,4.606
4.500,4.500
4.649,4.649
4.609,4.385
2.149,1.593
3.523,0.045
2.115,2.115
12.798,12.798
13.117,12.880
3.836,2.105
13.016,12.795
12.878,12.878
12.717,12.717
13.018,12.809
3.590,0.470
2.161,2.161
2.881,2.881
3.417,3.417
2.299,2.299
3.686,3.686
4.731,4.731
3.044,3.044
2.736,2.736
2.856,2.856
3.120,3.120
4.410,4.410
4.408,4.408
4.448,4.448
4.462,4.462
4.232,4.232
3.147,3.147
3.945,3.945
3.247,3.247
4.239,4.239
2.847,2.847
2.204,2.204
4.159,4.159
4.585,4.585
3.930,3.930
3.922,3.922
4.176,4.176
4.023,4.023
2.837,2.837
4.344,4.344
3.349,3.349
2.454,2.454
3.385,3.385
17.686,17.686
13.147,13.147
3.364,3.364
18.013,18.013
13.860,13.860
18.392,18.392
14.252,14.252
8.931,8.931
2.832,2.832
3.781,3.777
3.019,2.996
3.108,3.108
3.082,3.082
2.358,2.259
2.055,2.055
3.274,3.217
2.025,2.025
3.052,3.012
19.673,19.673
15.485,15.485
19.919,19.919
20.203,20.203
6.249,6.249
2.311,2.311
3.754,3.754
6.361,6.361
7.818,7.818
3.743,3.743
2.876,2.876
3.028,3.028
5.246,5.246
3.799,3.799
2.476,2.476
5.215,5.215
3.832,3.832
5.656,5.656
2.418,2.418
5.462,5.462
10.597,10.597
11.742,11.670
12.055,11.988
12.926,12.926
18.195,18.152
2.856,2.384
3.773,3.529
19.184,19.184
20.349,20.349
3.314,3.314
7.501,7.501
4.093,4.093
6.750,6.750
3.317,3.317
6.988,6.988
6.806,6.806
9.008,9.008
6.411,6.411
5.797,5.797
6.868,6.868
5.020,5.020
2.856,2.856
6.691,6.691
7.149,7.149
2.389,2.389
8.482,8.482
6.224,6.224
7.540,7.540
6.440,6.440
6.693,6.693
2.064,1.575
16.153,16.153
17.549,17.549
15.383,15.366
15.992,15.963
17.452,17.400
15.165,15.165
4.999,4.999
16.313,16.313
17.335,17.295
2.131,1.989
17.565,17.551
17.982,17.963
12.380,12.380
17.443,17.443
17.771,17.753
12.431,12.431
4.218,4.196
10.641,10.641
10.721,10.660
1.601,0.025
4.307,4.038
4.264,4.264
4.414,4.117
4.039,4.039
4.529,4.267
4.115,4.115
1.772,0.779
1.843,1.843
2.631,2.152
1.569,0.037
13.962,13.962
14.415,14.342
4.484,4.220
14.007,13.966
14.343,14.343
4.224,4.224
4.236,3.981
13.143,13.116
13.143,13.143
4.394,4.394
4.548,4.548
7.569,7.569
4.462,4.462
4.626,4.626
5.301,5.301
3.504,3.504
6.648,6.648
3.827,3.827
6.601,6.601
3.606,3.606
9.372,9.372
9.207,9.207
3.231,3.231
7.868,7.868
8.118,8.118
1.932,1.932
3.117,3.117
8.325,8.325
8.726,8.726
3.005,3.005
3.995,3.995
3.739,3.739
4.715,4.715
2.981,2.981
4.012,4.012
3.496,3.496
4.163,4.163
1.099,1.099
4.418,4.418
3.471,3.471
2.770,2.770
3.069,3.069
2.553,2.553
2.966,2.966
2.933,2.933
3.524,3.524
2.654,2.654
2.754,2.754
2.695,2.695
5.463,5.463
6.117,6.117
5.511,5.511
7.137,7.137
6.550,6.550
5.695,5.695
6.209,6.209
2.302,2.302
5.227,5.227
5.586,5.586
3.976,3.976
1.295,1.295
2.669,2.669
3.567,3.567
3.880,3.880
4.377,4.377
2.695,2.695
2.921,2.921
3.171,3.171
3.920,3.920
4.491,4.491
4.564,4.564
11.471,11.471
11.811,11.811
3.648,3.648
11.307,11.307
12.493,12.493
11.581,11.581
12.486,12.486
4.743,4.743
5.259,5.176
4.866,4.832
5.018,4.955
5.251,5.169
1.774,1.683
5.579,5.532
5.415,5.366
5.610,5.567
5.333,5.230
4.205,4.205
2.367,2.367
8.059,8.059
5.424,5.424
2.846,2.846
7.973,7.973
5.611,5.611
2.579,2.579
7.714,7.714
6.842,6.842
5.224,5.224
2.299,2.299
8.314,8.314
5.177,5.177
5.215,5.215
8.268,8.268
4.990,4.990
4.868,4.868
6.801,6.801
6.274,6.274
2.559,2.559
4.647,4.647
7.624,7.624
10.397,10.397
5.088,5.088
10.259,10.259
7.963,7.963
8.254,8.254
14.785,14.785
4.160,4.160
14.048,14.048
12.737,12.737
18.270,18.270
18.611,18.611
3.824,3.824
23.340,23.340
22.758,22.758
12.610,12.610
3.395,3.395
18.179,18.179
18.646,18.646
3.182,3.182
3.589,3.589
17.215,17.215
17.038,17.038
2.883,2.883
16.668,16.668
16.449,16.449
17.156,17.156
16.835,16.835
3.702,3.702
6.683,6.683
3.206,3.206
3.303,3.303
6.680,6.680
6.815,6.815
6.657,6.657
2.249,2.249
3.740,3.740
6.635,6.635
6.720,6.720
2.459,2.459
3.437,3.437
2.674,2.674
4.062,4.062
3.759,3.759
2.557,2.557
3.871,3.871
4.217,4.217
2.734,2.734
4.082,4.082
5.961,5.939
5.262,5.254
2.291,1.928
9.371,9.345
3.054,2.718
5.718,5.688
9.332,9.235
5.130,4.934
10.076,10.042
9.887,9.811
7.076,7.076
3.466,3.466
7.214,7.214
18.526,18.526
8.575,8.575
11.230,11.230
21.008,21.008
6.037,6.037
19.811,19.811
20.532,20.532
2.160,2.160
1.427,1.427
1.201,1.201
4.700,4.700
2.184,2.184
2.577,2.577
3.558,3.558
1.710,1.710
4.672,4.672
4.727,4.727
2.066,1.572
2.552,2.552
3.361,3.235
3.533,3.533
2.496,2.280
3.281,3.281
3.362,3.284
3.485,3.393
2.783,2.783
3.367,3.111
1.970,1.804
3.060,2.886
25.432,25.432
2.932,2.740
3.024,3.024
25.402,25.402
2.237,2.237
25.253,25.253
3.528,3.528
26.367,26.362
14.340,14.340
12.634,12.634
12.525,12.523
13.826,13.813
25.629,25.629
25.706,25.706
2.839,2.726
2.844,2.816
24.920,24.915
24.861,24.851
2.033,2.033
1.570,1.570
3.242,3.242
6.893,6.893
1.917,1.917
4.175,4.175
7.163,7.163
4.475,4.475
7.803,7.803
4.039,4.039
1.587,1.587
7.089,7.089
4.960,4.960
5.129,5.129
6.811,6.811
4.683,4.683
5.546,5.546
5.218,5.218
6.355,6.355
6.836,6.836
4.709,4.709
4.357,4.357
8.646,8.646
11.386,11.386
4.037,4.037
7.307,7.307
11.894,11.894
7.441,7.441
12.155,12.155
9.961,9.961
5.057,5.057
6.408,6.408
2.762,2.762
3.579,3.579
5.773,5.773
5.046,5.046
4.411,4.411
5.347,5.347
6.567,6.567
4.364,4.364
6.341,6.341
6.824,6.824
11.145,11.145
4.422,4.422
3.242,3.242
12.347,12.347
6.232,6.232
12.505,12.505
6.053,6.053
13.242,13.242
2.494,2.435
2.145,1.988
13.192,13.182
2.054,2.054
2.185,2.144
12.703,12.703
2.841,2.806
12.941,12.935
2.173,2.135
14.094,14.083
2.668,2.668
9.686,9.686
3.556,3.556
9.525,9.525
10.030,10.030
4.420,4.400
9.549,9.548
8.861,8.861
3.096,3.096
9.120,9.120
9.631,9.626
3.288,3.250
9.447,9.447
9.010,9.010
8.981,8.981
3.726,3.671
2.506,2.488
9.440,9.423
8.387,8.375
4.979,4.968
6.053,6.053
3.369,3.369
4.668,4.668
3.378,3.378
6.029,6.029
3.262,3.262
4.098,4.098
3.520,3.520
4.355,4.355
3.195,3.195
3.190,3.190
3.023,3.023
4.147,4.147
2.883,2.883
3.154,3.154
3.122,3.122
3.612,3.612
3.885,3.885
3.189,3.189
3.342,3.342
4.700,4.700
4.867,4.867
6.095,6.095
2.193,2.193
4.103,4.103
5.081,5.081
4.781,4.781
4.713,4.713
5.421,5.421
6.146,6.146
4.710,4.710
4.476,4.476
4.973,4.973
2.943,2.727
4.633,4.514
2.094,2.094
4.695,4.695
4.919,4.831
3.444,3.168
4.842,4.842
17.518,17.518
4.906,4.906
3.911,3.911
5.303,5.303
16.255,16.255
17.832,17.832
16.591,16.591
3.732,3.732
3.966,3.966
5.122,5.122
19.218,19.218
3.959,3.959
3.345,3.345
18.900,18.900
19.753,19.753
16.924,16.924
20.543,20.543
4.692,4.692
19.423,19.423
17.874,17.874
6.928,6.889
2.629,2.627
3.072,2.927
9.923,9.885
6.873,6.861
7.113,7.100
7.656,7.602
3.179,2.979
10.116,10.085
10.720,10.693
3.826,3.826
3.683,3.683
4.003,4.003
12.971,12.971
1.925,1.925
5.489,5.489
12.185,12.185
5.250,5.250
12.802,12.802
13.260,13.260
2.050,1.921
12.914,12.897
12.341,12.341
11.771,11.762
12.915,12.911
12.336,12.318
11.871,11.850
3.278,3.141
3.578,3.506
2.631,2.631
6.414,0.374
3.151,3.151
3.867,3.867
2.234,2.234
5.643,3.122
6.278,3.879
6.317,2.255
3.338,3.338
3.415,3.415
3.793,3.793
10.486,10.486
10.626,10.626
2.937,2.937
9.935,9.935
3.247,3.247
10.745,10.745
4.423,4.423
10.313,10.313
3.071,3.071
9.628,9.628
6.721,6.721
5.960,5.960
7.808,7.808
4.953,4.953
6.422,6.422
5.447,5.447
5.698,5.698
5.570,5.570
3.413,3.413
5.137,5.137
8.279,8.254
3.933,3.812
7.611,7.545
6.046,6.046
6.999,6.992
6.283,6.283
8.571,8.534
6.132,6.132
7.865,7.845
7.381,7.364
3.345,3.345
2.842,2.842
3.313,3.313
2.860,2.860
3.429,3.429
1.988,1.988
2.797,2.797
3.397,3.397
3.825,3.825
2.696,2.696
5.764,5.683
5.584,5.584
2.495,2.302
5.576,5.491
5.114,5.009
5.787,5.787
6.269,6.259
5.698,5.609
4.616,4.442
4.906,4.906
3.515,3.515
3.939,3.939
3.951,3.951
2.840,2.840
2.040,2.040
2.649,2.649
3.931,3.931
3.046,3.046
4.407,4.407
4.292,4.292
1.642,1.642
7.998,7.998
7.249,7.249
6.637,6.637
8.494,8.494
7.199,7.199
6.421,6.421
7.173,7.173
5.972,5.972
3.979,3.979
11.068,11.068
8.781,8.781
2.272,2.272
10.780,10.780
16.835,16.835
11.251,11.251
13.506,13.506
8.398,8.398
9.030,9.030
10.357,10.357
2.188,2.071
9.466,9.438
13.863,13.843
15.128,15.127
9.157,9.103
13.701,13.674
14.946,14.946
15.585,15.585
17.033,17.011
4.868,4.811
17.892,17.892
11.680,11.680
13.666,13.666
13.016,13.016
10.574,10.574
9.893,9.893
11.218,11.218
5.624,5.624
5.580,5.580
3.361,3.361
7.973,7.973
4.927,4.927
4.392,4.374
2.597,2.597
8.556,8.556
9.119,9.104
7.215,7.215
4.112,4.069
5.169,5.138
4.090,4.090
7.991,7.991
8.329,8.320
9.178,9.158
18.965,18.964
3.583,3.569
6.414,6.393
17.864,17.864
4.428,4.403
18.282,18.281
19.105,19.105
9.779,9.741
11.525,11.495
11.173,11.163
9.014,9.008
5.516,5.491
10.138,10.121
6.379,6.351
10.836,10.812
7.878,7.840
11.651,11.637
6.878,6.857
5.362,5.325
15.484,15.480
5.294,5.253
8.358,8.358
16.101,16.085
7.796,7.759
15.809,15.794
2.503,2.382
15.760,15.746
8.137,8.075
8.373,8.359
7.935,7.905
3.780,3.780
3.680,3.662
2.861,2.861
8.102,8.071
4.427,4.370
8.358,8.342
8.105,8.060
4.069,3.009
8.469,7.987
3.258,3.258
3.753,3.341
8.018,8.018
3.479,3.479
3.956,3.347
8.228,7.965
7.823,7.823
2.936,0.710
1.683,0.864
7.985,7.895
8.169,8.159
14.201,14.190
8.028,7.952
8.293,8.185
14.230,14.176
2.202,1.890
14.274,14.235
14.129,14.128
3.251,3.251
6.055,6.055
5.964,5.964
6.275,6.275
6.234,6.234
6.183,6.183
6.163,6.163
3.056,3.056
2.821,2.821
1.888,1.888
2.370,2.330
9.887,9.870
9.300,9.300
9.861,9.809
9.277,9.254
8.534,8.508
9.187,9.164
4.616,4.615
4.770,4.770
2.225,1.990
1.146,0.613
8.869,8.795
9.184,9.136
2.863,2.850
8.785,8.761
9.107,9.107
2.933,2.917
3.305,3.238
9.293,9.278
9.459,9.441
4.963,1.482
5.101,3.238
3.870,3.870
6.023,4.175
2.712,2.712
5.326,3.242
3.621,3.621
4.042,1.499
2.813,2.813
5.181,2.807
5.994,5.994
4.266,4.218
6.635,6.629
5.830,5.796
5.925,5.887
2.259,2.218
6.872,6.851
6.332,6.332
7.669,7.669
7.612,7.602
5.565,0.166
1.945,1.147
11.870,11.848
14.641,14.602
5.464,1.223
11.858,11.824
14.615,14.595
11.297,11.272
14.795,14.762
24.176,24.155
2.313,2.313
5.193,5.193
4.073,4.073
9.117,9.117
4.982,4.982
2.268,2.268
8.088,8.088
4.710,4.710
6.640,6.640
6.746,6.746
6.541,6.541
2.952,2.952
2.070,2.070
6.270,6.270
5.998,5.998
6.574,6.574
1.908,1.908
2.922,2.922
6.060,6.060
6.357,6.357
2.837,2.639
2.170,2.170
14.127,14.127
13.354,13.354
2.533,2.354
14.422,14.397
13.653,13.647
13.714,13.712
13.322,13.322
6.163,6.138
10.429,10.302
4.751,4.676
12.172,12.129
12.232,12.230
7.900,7.900
7.278,7.239
6.553,6.375
9.794,9.766
9.928,9.924
3.947,3.947
2.214,2.214
3.267,3.267
3.285,3.285
13.634,13.634
2.527,2.527
3.290,3.290
13.878,13.878
2.405,2.405
13.577,13.577
13.508,13.508
6.671,6.671
7.608,7.608
6.995,6.995
7.552,7.552
7.991,7.991
1.608,1.608
7.603,7.603
7.432,7.432
7.931,7.931
7.484,7.484
23.569,23.525
23.522,23.522
27.138,27.093
21.417,21.417
1.866,0.025
13.780,13.780
4.537,4.216
13.892,13.769
4.210,4.210
13.464,13.348
19.007,19.007
18.588,18.588
19.831,19.831
19.203,19.203
1.669,1.669
6.810,6.810
6.575,6.575
6.996,6.996
6.682,6.682
2.140,2.140
5.582,5.582
5.148,5.148
5.728,5.728
11.134,11.134
3.259,3.259
1.771,1.771
11.336,11.336
4.382,4.382
10.422,10.422
11.465,11.465
5.242,5.242
11.294,11.294
5.561,5.561
5.537,5.537
10.953,10.953
5.898,5.898
3.317,3.317
10.108,10.108
11.990,11.990
5.648,5.648
2.062,2.062
12.024,12.024
11.838,11.838
13.382,13.382
11.809,11.809
11.629,11.629
13.139,13.139
2.100,2.100
15.568,15.568
15.968,15.968
2.361,2.361
7.211,7.211
8.498,8.498
8.954,8.926
7.548,7.548
8.724,8.724
8.850,8.820
3.566,3.566
4.243,4.196
2.628,2.480
3.321,3.222
2.802,2.785
9.088,9.041
9.274,9.232
3.461,3.461
9.756,9.744
9.738,9.731
9.679,9.677
10.133,10.117
10.744,10.738
4.211,2.652
3.647,3.125
4.295,1.659
2.671,2.671
3.805,3.301
3.011,3.011
3.684,2.026
3.104,3.104
3.681,3.681
4.241,2.415
1.840,0.096
4.181,3.764
3.270,3.156
10.393,10.253
3.772,3.772
3.158,3.158
10.280,10.280
3.087,3.087
9.982,9.982
10.111,10.111
9.579,9.579
4.480,4.480
6.467,6.467
10.678,10.678
7.803,7.803
7.811,7.811
4.035,4.035
4.053,4.053
9.320,9.320
9.344,9.344
4.414,4.414
4.243,4.243
4.358,4.358
4.278,4.278
3.508,3.508
3.616,3.616
4.067,4.067
2.462,2.462
4.457,4.457
4.792,4.792
6.096,6.091
6.080,6.080
2.319,2.267
5.257,5.201
6.355,6.355
6.041,6.032
6.158,6.122
6.591,6.591
6.031,5.998
4.888,4.842
5.199,5.147
3.933,3.933
4.544,4.458
5.427,5.388
4.414,4.363
4.432,4.407
4.703,4.623
4.832,4.749
5.291,5.291
4.348,4.225
6.361,6.361
6.362,6.362
6.852,6.852
4.378,4.378
4.943,4.918
4.960,4.926
6.733,6.733
2.871,2.871
6.908,6.908
7.336,7.336
4.966,4.966
15.860,15.860
15.313,15.313
15.374,15.374
15.625,15.625
14.822,14.822
14.978,14.978
4.968,4.968
2.124,2.124
4.803,4.803
3.453,3.423
3.999,3.978
3.378,3.345
2.367,2.328
2.411,2.411
4.278,4.233
3.147,3.090
3.848,3.805
3.380,3.309
3.377,3.340
2.168,2.168
10.607,10.607
14.586,14.586
11.438,11.438
10.205,10.205
13.587,13.587
11.061,11.061
16.378,16.378
2.182,2.182
16.160,16.160
3.373,3.321
16.932,16.893
5.761,5.761
3.500,3.358
15.460,15.452
4.208,4.081
2.780,2.780
13.932,13.883
17.259,17.243
5.668,5.571
1.992,1.992
2.340,2.340
4.061,4.061
5.365,5.365
2.134,2.134
3.115,3.115
4.186,4.186
3.000,3.000
4.528,4.528
2.287,2.287
4.819,4.819
2.383,2.383
6.159,6.159
12.249,12.249
4.719,4.719
9.117,9.117
14.703,14.703
6.835,6.835
13.212,13.212
7.662,7.662
4.690,4.613
10.349,10.349
21.189,21.189
8.371,8.371
9.533,9.505
20.103,20.092
9.034,9.022
20.608,20.608
4.847,4.847
20.585,20.585
2.465,2.424
2.538,2.499
5.680,5.680
8.052,8.052
1.713,1.713
4.333,4.333
8.536,8.510
3.950,3.950
8.445,8.419
10.307,10.300
2.290,2.290
1.635,1.635
2.866,2.866
2.847,2.847
2.389,2.389
2.179,2.179
3.070,3.070
3.101,3.101
2.520,2.520
2.167,2.167
5.981,5.981
2.129,2.129
14.447,14.447
2.500,2.500
5.947,5.947
14.944,14.944
5.297,5.297
13.304,13.304
3.454,3.454
15.424,15.424
2.045,1.891
2.809,2.773
11.639,11.620
12.550,12.515
2.804,2.689
11.574,11.554
12.293,12.270
11.374,11.359
12.240,12.205
4.757,4.633
2.396,2.313
2.159,2.042
6.977,6.945
7.057,6.997
2.825,2.825
8.173,8.173
8.193,8.154
6.546,6.546
6.643,6.612
1.667,1.443
3.902,3.902
6.767,6.306
9.589,3.554
9.699,3.382
7.438,5.387
9.063,3.220
9.176,4.042
6.397,6.397
6.844,6.844
1.431,1.431
26.027,26.020
9.548,9.533
25.422,25.416
8.361,8.361
26.470,26.470
4.980,4.980
26.167,26.163
25.233,25.233
4.470,4.425
25.045,25.043
4.020,4.020
3.320,3.320
4.714,4.714
2.357,2.357
3.615,3.615
2.065,2.065
3.886,3.886
4.245,4.245
3.315,3.315
4.678,4.678
3.906,3.906
5.371,5.371
3.726,3.726
9.246,9.246
4.559,4.559
2.309,2.309
8.952,8.952
5.900,5.900
9.210,9.210
8.977,8.977
1.718,1.718
6.054,6.054
8.938,8.921
8.101,8.096
5.999,5.999
8.796,8.783
7.872,7.872
7.796,7.785
7.343,7.318
2.925,2.911
2.072,1.979
20.076,20.076
4.621,4.621
2.880,2.814
20.288,20.280
4.350,4.347
2.453,2.453
20.858,20.858
20.681,20.673
4.202,4.198
4.431,4.427
4.572,4.489
2.024,1.866
4.389,4.279
2.078,1.876
4.803,4.803
4.113,4.113
4.684,4.633
4.857,4.857
4.504,4.504
5.355,5.355
6.390,6.390
7.551,7.551
6.074,6.074
5.192,5.192
6.053,6.053
5.099,5.099
5.029,5.029
2.927,2.927
5.525,5.525
7.353,7.333
4.943,4.866
2.872,2.872
4.878,4.878
8.404,8.370
7.547,7.502
7.276,7.272
4.783,4.746
5.753,5.668
6.405,6.405
8.451,8.407
1.673,1.673
8.026,7.966
9.642,9.628
8.243,8.221
4.283,4.283
8.873,8.873
7.810,7.764
9.940,9.920
9.695,9.683
8.435,8.414
2.123,2.097
7.939,7.913
5.186,5.186
8.375,8.360
6.144,6.123
8.271,8.229
7.645,7.631
5.170,5.138
9.245,9.224
3.604,3.604
2.322,2.308
17.606,17.594
18.052,18.048
2.709,2.695
19.100,19.095
19.481,19.470
18.526,18.516
18.792,18.786
4.211,4.211
9.427,9.427
9.348,9.348
4.424,4.424
3.942,3.942
4.065,4.065
7.756,7.756
8.702,8.702
7.137,7.137
8.211,8.211
2.132,2.132
6.666,6.666
7.323,7.260
5.683,5.683
6.155,6.100
1.988,1.738
5.814,5.814
3.979,3.884
6.075,6.043
4.341,4.341
4.609,4.570
3.451,3.451
3.515,3.515
2.749,2.749
2.095,2.095
3.229,3.229
3.132,3.132
3.732,3.732
3.498,3.498
3.153,3.153
3.080,3.080
3.806,3.806
2.701,2.701
3.848,3.848
3.155,3.155
3.572,3.572
1.973,1.973
3.827,3.827
3.544,3.544
2.320,2.320
3.697,3.697
3.263,3.263
1.954,1.954
4.740,4.696
4.944,4.910
2.540,2.540
3.596,3.538
3.256,3.206
4.307,4.259
4.248,4.210
2.357,2.357
2.463,2.262
5.365,5.274
4.934,4.907
8.226,8.226
4.846,4.845
5.260,5.191
8.768,8.709
2.095,1.923
10.090,10.058
9.966,9.966
3.001,3.001
3.807,3.807
1.921,1.828
2.422,2.412
2.513,2.502
1.907,1.830
2.008,1.974
3.116,3.081
3.117,3.117
2.094,2.094
15.106,15.103
16.687,16.687
15.459,15.459
13.653,13.653
6.009,5.954
2.511,2.511
27.779,27.762
6.278,6.248
28.807,28.807
27.939,27.930
2.711,2.711
1.963,1.963
3.479,3.479
3.454,3.454
3.306,3.306
2.978,2.978
4.394,4.394
2.630,2.630
3.640,3.640
3.745,3.745
18.482,18.482
2.633,2.633
17.073,17.073
16.748,16.748
18.274,18.274
14.608,14.588
14.520,14.489
16.558,16.558
16.261,16.261
2.264,2.264
18.373,18.373
2.426,2.426
5.873,5.816
6.059,5.942
18.460,18.457
18.505,18.464
18.341,18.341
6.033,5.981
6.191,6.074
1.805,1.290
2.806,2.682
3.759,3.704
2.864,2.864
7.261,7.175
4.315,4.211
2.311,2.159
6.993,6.949
3.954,3.917
7.490,7.454
6.988,6.894
4.066,4.064
7.335,7.323
3.904,3.847
6.913,6.883
7.230,7.216
2.513,2.469
4.485,4.485
7.527,7.522
7.982,7.965
5.032,5.032
3.957,3.945
2.285,2.285
6.723,6.689
3.607,3.595
3.384,3.337
6.448,6.439
1.931,1.931
6.827,6.796
2.545,2.467
6.809,6.805
8.537,8.444
7.437,7.434
8.274,8.230
8.259,8.177
3.786,3.702
2.840,2.740
1.892,1.892
3.216,3.216
3.935,3.872
2.018,1.854
9.525,9.458
9.265,9.222
9.244,9.237
17.039,17.039
1.551,1.473
3.592,3.592
18.611,18.551
2.832,2.832
18.413,18.373
16.450,16.410
2.121,2.086
5.161,5.161
5.734,5.734
3.019,2.979
4.952,4.931
5.909,5.909
2.178,2.178
2.267,2.204
3.548,3.548
4.612,4.578
5.948,5.855
8.748,8.709
8.198,8.154
6.090,6.044
6.008,5.982
8.209,8.184
7.301,7.301
9.909,9.898
8.403,8.403
8.254,8.220
4.634,4.634
5.116,5.116
3.216,3.112
6.739,6.682
1.764,1.764
4.099,4.099
5.828,5.708
4.225,4.225
6.097,5.966
6.766,6.716
2.056,2.056
14.895,14.821
13.488,13.488
16.440,16.362
14.705,14.705
13.682,13.660
16.884,16.851
3.775,3.520
24.811,24.811
24.236,24.212
2.816,2.487
15.003,15.003
15.184,15.184
12.944,12.944
15.536,15.536
15.676,15.635
13.647,13.572
2.210,2.210
2.991,2.883
2.948,2.948
2.265,2.265
9.805,9.805
9.807,9.807
4.102,4.102
9.243,9.243
9.346,9.346
3.712,3.712
2.798,2.798
9.530,9.530
9.701,9.701
4.081,4.081
1.448,0.711
2.295,2.057
5.096,5.056
4.064,3.984
4.268,4.195
2.085,1.674
2.080,1.940
4.934,4.934
4.759,4.746
13.923,13.912
7.385,7.385
9.419,9.398
4.020,3.993
13.569,13.556
8.743,8.743
13.888,13.888
8.946,8.940
6.526,6.523
9.003,9.003
7.051,7.051
8.745,8.716
6.349,6.295
8.385,8.365
8.760,8.719
2.057,1.922
8.975,8.968
8.601,8.512
2.530,2.242
8.553,8.553
8.425,8.425
7.751,7.751
7.697,7.697
2.403,2.403
4.254,4.254
9.677,9.677
8.562,8.562
8.806,8.806
8.084,8.084
7.642,7.642
9.710,9.698
3.225,3.213
9.401,9.391
11.312,11.312
9.173,9.171
4.017,4.013
10.922,10.912
8.655,8.647
10.903,10.894
9.234,9.223
5.738,0.142
11.811,11.811
11.875,11.816
5.821,1.522
11.873,11.834
11.841,11.839
1.467,1.467
5.581,0.118
12.113,12.113
12.367,12.107
7.698,7.698
4.420,4.389
5.318,5.318
8.331,8.327
7.160,7.141
6.860,6.860
5.722,5.655
5.044,4.984
7.898,7.898
8.439,8.420
2.456,2.456
1.880,1.880
3.228,3.228
4.295,4.295
2.542,2.542
1.926,1.926
4.423,4.423
2.764,2.764
5.096,5.096
4.791,4.791
6.174,6.174
7.044,7.017
2.245,2.245
3.357,3.357
3.024,3.024
5.024,5.024
5.546,5.546
5.896,5.874
6.742,6.742
3.511,3.511
11.555,11.555
7.052,7.052
12.647,12.647
14.057,14.057
8.461,8.461
9.155,9.155
5.020,5.020
14.067,14.067
8.695,8.695
13.695,13.695
3.478,3.331
14.657,14.634
11.414,11.414
12.153,12.118
13.807,13.807
10.873,10.838
12.192,12.192
6.336,6.266
6.785,6.785
7.693,7.645
4.831,4.809
1.573,1.251
4.858,4.858
3.780,3.757
4.816,4.734
2.380,2.299
4.963,4.905
4.899,4.888
3.845,3.794
4.011,3.963
4.901,4.826
1.930,1.732
17.005,17.005
16.846,16.846
4.990,4.990
17.661,17.661
16.804,16.777
16.698,16.694
16.386,16.366
4.324,4.324
5.111,5.011
17.126,17.125
18.188,18.145
3.447,3.447
17.563,17.540
17.678,17.671
5.661,5.540
5.643,5.553
15.921,15.904
17.143,17.110
2.403,2.362
6.514,6.464
2.527,2.527
6.176,6.047
6.344,6.293
2.189,2.189
5.782,5.747
6.691,6.644
4.489,4.433
5.975,5.927
4.346,4.264
7.232,7.181
6.247,6.247
6.198,6.197
8.203,8.201
4.992,4.939
4.674,4.563
8.120,8.067
8.400,8.349
3.818,3.804
12.710,12.710
13.230,13.230
12.917,12.917
13.209,13.209
4.368,4.368
4.415,4.415
2.000,2.000
2.802,2.802
5.087,5.087
4.622,4.622
3.440,3.440
4.532,4.532
3.949,3.949
4.584,4.584
3.994,3.994
4.471,4.471
4.503,4.503
4.128,4.128
3.306,3.306
2.975,2.975
3.994,3.994
2.160,2.160
12.646,12.646
3.880,3.880
3.888,3.888
11.302,11.302
3.192,3.192
12.026,12.026
3.628,3.628
12.369,12.369
3.980,3.980
2.103,2.103
13.336,13.336
11.843,11.843
4.311,4.311
12.740,12.740
11.154,11.154
12.886,12.886
12.079,12.079
18.138,18.138
1.874,0.237
2.194,1.861
2.307,2.275
2.495,2.443
1.843,1.843
2.273,2.273
2.604,2.599
3.312,2.850
3.057,2.761
2.950,2.950
4.211,4.211
7.607,7.563
7.116,7.073
7.434,7.434
7.057,7.020
6.827,6.790
7.143,7.143
1.880,1.880
3.194,3.091
2.747,2.622
11.446,11.440
11.252,11.240
11.587,11.549
11.307,11.303
2.000,1.875
5.243,5.205
3.343,3.274
5.730,5.702
3.554,3.554
5.850,5.835
4.537,4.485
3.057,3.057
4.093,4.029
3.306,3.306
3.274,3.219
1.485,1.485
4.986,4.986
2.919,2.887
3.152,3.115
3.965,3.925
12.677,12.677
12.762,12.762
3.770,3.770
12.216,12.216
4.197,4.197
12.180,12.180
2.338,2.338
12.462,12.462
3.599,3.599
12.011,12.011
2.797,2.797
30.458,30.458
21.310,21.310
26.191,26.191
30.138,30.138
20.997,20.997
25.819,25.819
15.130,15.130
13.280,13.280
15.076,15.076
6.522,6.478
2.103,2.027
6.523,6.481
6.391,6.391
6.561,6.561
2.200,2.200
2.234,2.126
6.732,6.732
6.595,6.580
2.345,2.255
6.168,6.016
7.047,6.956
2.043,2.024
4.216,4.038
2.461,2.074
5.756,5.549
5.005,5.005
6.469,6.464
6.215,6.197
4.115,4.089
8.623,8.623
3.503,3.503
4.126,4.126
5.165,5.094
9.443,9.415
8.474,8.474
8.793,8.774
4.750,4.685
3.906,3.849
2.949,2.947
6.364,6.334
9.022,9.022
9.714,9.714
4.918,4.918
9.386,9.386
9.750,9.735
2.431,2.289
9.000,8.980
9.462,9.457
9.681,9.681
4.242,4.242
4.416,4.416
9.178,9.178
14.723,14.723
2.851,2.851
12.007,12.007
12.147,12.147
11.738,11.738
12.603,12.603
23.298,23.298
3.773,3.773
4.696,4.696
8.293,8.293
4.583,4.583
4.715,4.715
6.991,6.991
4.493,4.493
5.334,5.334
2.822,2.822
5.384,5.384
3.897,3.851
2.102,1.921
8.906,8.892
8.148,8.134
3.654,3.654
9.245,9.205
8.478,8.466
9.409,9.386
8.808,8.786
4.687,4.687
9.744,9.729
8.471,8.465
5.277,5.239
4.006,3.940
6.533,6.529
9.901,9.889
9.713,9.668
10.733,10.724
8.596,8.579
7.107,7.053
8.750,8.750
9.204,9.189
6.674,6.631
9.420,9.403
5.139,5.108
11.795,11.787
3.321,3.234
11.097,11.093
4.488,4.475
12.669,12.669
9.050,9.020
1.967,1.803
8.116,8.060
2.934,2.912
9.378,9.361
5.333,5.333
8.796,8.750
8.101,8.095
3.649,3.535
8.798,8.735
2.988,2.988
9.624,9.611
12.541,12.516
3.996,3.989
9.265,9.223
13.780,13.772
2.866,2.866
10.778,10.766
9.608,9.570
14.589,14.581
6.006,5.991
5.327,5.322
6.793,6.789
16.260,16.254
4.099,4.042
3.457,3.374
17.954,17.942
4.996,4.996
15.813,15.808
17.494,17.493
9.244,9.240
2.649,2.551
9.810,9.799
9.540,9.540
9.065,9.028
3.069,3.041
3.501,3.501
9.585,9.526
9.076,9.050
4.287,4.287
8.472,8.442
10.554,10.528
10.809,10.759
6.571,6.524
7.613,7.546
9.089,9.053
8.787,8.776
5.053,4.999
9.456,9.366
9.457,9.388
3.451,3.451
3.023,3.023
4.068,4.068
6.796,6.796
2.799,2.799
2.406,2.406
5.001,5.001
2.173,2.173
5.312,5.312
4.589,4.589
4.296,4.277
3.727,3.727
8.443,1.962
4.298,4.293
3.982,3.960
8.172,3.628
2.251,2.159
8.861,2.975
3.278,3.189
8.265,3.522
3.275,3.275
5.561,5.540
5.964,5.964
6.753,6.740
6.716,6.709
7.282,7.278
7.776,7.766
2.312,2.204
3.130,3.072
2.340,2.340
4.119,4.119
24.462,24.462
2.738,2.738
25.178,25.178
25.068,25.068
4.287,4.287
25.114,25.114
23.630,23.630
23.484,23.484
24.506,24.506
8.114,8.114
6.411,6.411
7.856,7.818
5.667,5.633
8.018,8.018
4.004,3.961
8.126,8.114
7.098,7.069
2.027,1.875
7.153,7.153
1.962,1.962
19.608,19.608
11.673,11.673
11.666,11.666
19.847,19.847
11.619,11.619
11.610,11.610
21.647,21.647
22.108,22.108
2.420,2.420
3.847,3.847
6.149,6.149
4.526,4.513
5.018,4.999
5.246,5.215
4.208,4.208
4.287,4.226
5.399,5.399
4.598,4.561
1.821,1.821
7.287,7.287
4.059,4.059
14.211,14.211
8.727,8.727
4.026,4.026
12.733,12.733
13.747,13.747
13.807,13.807
11.510,11.510
13.142,13.142
4.793,4.692
4.360,4.296
5.220,5.178
2.755,2.673
5.291,5.291
2.948,2.858
4.090,4.036
4.816,4.794
4.062,4.005
4.207,4.135
2.059,1.890
4.063,3.898
2.644,2.323
10.862,10.862
3.734,3.476
2.637,2.430
10.852,10.829
2.528,2.390
10.964,10.910
11.330,11.256
5.114,5.088
6.143,6.098
4.952,4.947
6.469,6.433
4.559,4.502
2.126,2.049
4.756,4.721
4.290,4.277
3.935,3.935
4.765,4.739
2.300,2.300
8.778,8.778
20.729,20.729
14.429,14.429
8.016,8.016
21.070,21.070
14.491,14.491
20.565,20.565
18.580,18.580
26.683,26.683
7.558,0.354
14.254,13.643
13.866,13.866
15.144,14.227
13.813,13.813
14.688,14.038
14.449,14.449
7.365,0.380
4.949,4.949
7.332,4.856
15.929,15.876
16.109,16.109
10.886,10.819
14.994,14.945
2.087,1.378
20.299,20.253
10.563,10.563
21.119,21.100
11.638,11.547
13.970,13.900
6.571,6.520
3.887,3.887
1.824,1.606
4.589,4.589
8.081,8.003
6.383,6.348
8.609,8.530
4.019,3.987
2.277,2.277
4.640,4.640
7.999,7.977
2.438,2.438
4.083,4.083
7.425,7.392
8.826,8.806
8.377,8.332
3.750,3.750
4.721,4.672
7.793,7.769
7.832,7.801
8.162,8.109
2.462,2.421
4.250,4.227
4.493,4.458
8.293,8.261
7.671,7.646
8.647,8.603
4.363,4.363
4.429,4.429
2.222,2.222
13.355,13.321
4.450,4.421
8.747,8.721
5.387,5.387
11.743,11.743
17.457,17.457
10.713,10.685
8.664,8.664
5.115,5.115
8.710,8.710
2.147,2.014
1.488,1.488
4.083,4.083
2.866,2.866
2.192,2.105
4.133,4.133
2.402,2.123
4.047,4.047
2.853,2.853
4.018,3.898
2.141,2.141
6.620,6.620
2.689,2.689
4.100,4.100
6.198,6.198
3.189,3.189
3.418,3.418
6.612,6.612
6.790,6.790
3.133,3.133
7.356,7.356
18.035,18.035
2.599,2.599
4.933,4.933
16.880,16.880
6.506,6.506
7.388,7.388
18.053,18.053
18.754,18.754
5.198,5.198
2.151,2.151
2.041,2.041
17.143,17.143
18.085,18.085
3.129,3.129
17.095,17.095
17.862,17.862
16.707,16.707
17.493,17.493
4.762,4.762
6.168,6.168
5.929,5.929
5.947,5.947
6.019,6.019
2.617,2.617
2.066,2.066
2.368,2.368
1.564,1.564
2.791,2.791
2.895,2.895
2.790,2.740
18.714,18.711
3.799,3.759
1.802,1.802
19.930,19.930
2.322,2.322
2.165,2.099
19.983,19.983
20.066,20.063
2.855,2.814
5.581,5.557
2.014,1.989
6.185,6.185
6.329,6.322
5.345,5.258
5.715,5.708
6.909,6.888
6.333,6.310
6.438,6.407
5.124,5.049
11.343,11.343
16.433,16.433
11.454,11.454
10.961,10.961
13.082,13.082
3.598,3.598
10.904,10.904
11.098,11.098
9.981,9.981
9.995,9.995
7.385,7.358
6.565,6.526
7.667,7.667
16.769,16.769
4.008,3.919
2.751,2.681
14.810,14.810
4.621,4.589
14.372,14.356
14.133,14.124
14.903,14.903
14.506,14.506
6.075,6.075
12.937,12.937
4.180,4.180
10.745,10.745
24.348,24.348
10.984,10.984
24.200,24.200
17.515,17.515
3.087,3.087
3.170,3.170
4.453,4.453
11.188,11.188
4.064,4.064
3.072,3.072
10.221,10.221
3.607,3.607
9.431,9.431
9.188,9.188
13.199,13.199
6.776,6.776
14.177,14.177
11.014,11.014
14.875,14.875
18.039,18.039
6.129,6.129
13.001,13.001
13.467,13.467
16.638,16.638
14.310,14.310
13.802,13.802
14.497,14.497
15.675,15.675
4.665,4.665
5.790,5.790
7.387,7.387
2.352,2.352
6.884,6.884
6.540,6.540
6.181,6.181
3.070,3.046
6.758,6.754
9.587,9.587
7.888,7.877
5.046,5.046
9.053,9.050
7.341,7.341
10.909,10.909
8.253,8.253
3.852,3.824
14.761,14.714
15.022,15.001
12.955,12.944
14.304,14.272
14.568,14.547
11.953,11.943
6.287,6.287
23.178,23.170
24.262,24.254
10.685,10.685
11.533,11.533
11.785,11.785
2.213,2.213
2.560,2.560
4.041,4.041
10.994,10.994
2.318,2.318
11.823,11.823
12.020,12.020
3.084,3.084
3.858,3.858
4.412,4.412
3.605,3.605
4.355,4.355
3.198,3.198
2.114,2.114
4.160,4.160
3.631,3.631
3.683,3.683
4.046,3.959
4.125,4.082
5.803,5.803
4.394,4.394
3.556,3.556
6.445,6.392
6.596,6.571
7.994,7.994
7.172,7.128
3.339,3.339
9.923,9.897
6.590,6.570
9.258,9.230
4.127,4.092
9.345,9.299
1.930,1.930
9.695,9.695
8.902,8.864
4.869,4.842
9.199,9.197
2.077,1.749
2.101,1.776
1.649,1.649
4.701,4.528
2.016,2.016
2.432,2.161
4.330,4.239
1.681,1.205
4.544,4.544
4.688,4.462
5.241,5.241
4.273,4.273
5.085,5.085
4.581,4.581
5.570,5.570
5.660,5.660
4.949,4.949
2.681,2.681
4.733,4.733
4.664,4.664
4.761,4.761
2.136,1.950
5.462,5.435
7.497,7.495
5.011,4.884
2.356,2.154
4.309,4.254
5.482,5.482
7.031,7.027
3.365,3.256
1.599,1.599
3.184,2.928
4.334,4.334
4.467,4.369
2.275,1.979
3.746,3.746
3.675,3.550
2.878,2.839
2.426,2.426
1.773,1.562
3.002,2.951
5.835,5.768
4.971,4.963
5.065,5.065
4.912,4.912
5.715,5.655
4.563,4.552
6.347,6.347
2.499,2.377
5.849,5.846
5.699,5.674
5.247,5.234
6.593,6.561
7.321,7.299
6.945,6.904
5.345,5.313
6.655,6.632
4.983,4.959
5.169,5.128
3.439,3.405
6.096,6.053
4.433,4.341
5.595,5.511
4.302,4.199
5.129,4.962
5.312,5.248
5.370,5.370
6.944,6.880
2.706,2.365
6.122,6.047
2.072,1.698
5.462,5.419
2.089,1.641
5.737,5.737
5.647,5.595
1.973,1.973
5.182,5.135
5.504,5.443
6.420,6.420
6.051,6.002
3.230,3.230
4.554,4.554
4.354,4.354
4.435,4.435
3.997,3.997
4.190,4.190
3.131,3.131
3.402,3.402
3.957,3.957
2.134,2.134
3.804,3.804
3.540,3.540
3.795,3.795
3.345,3.345
2.155,2.155
1.771,1.771
4.223,4.223
2.565,2.565
5.134,5.134
4.083,4.083
4.668,4.589
4.793,4.793
4.649,4.649
2.271,2.157
4.757,4.636
2.124,1.931
4.748,4.748
4.712,4.712
4.436,4.331
4.648,4.616
6.701,6.684
15.918,15.918
5.159,5.076
15.367,15.367
18.096,18.088
7.210,7.202
16.251,16.251
13.438,13.423
7.037,7.037
12.008,11.995
12.942,12.942
12.802,12.802
2.903,2.903
13.192,13.192
3.071,3.071
12.767,12.767
3.819,3.819
12.856,12.856
4.373,4.373
13.213,13.213
2.935,0.904
13.069,13.009
9.411,9.134
9.098,9.098
12.985,12.985
9.086,9.086
9.408,9.054
15.754,15.665
15.723,15.723
2.930,0.918
11.804,11.804
9.300,9.282
5.252,5.186
11.589,11.581
10.975,10.952
14.734,14.723
4.761,4.761
9.435,9.424
12.388,12.361
14.777,14.766
2.090,1.952
7.496,7.493
3.797,3.751
7.317,7.297
6.726,6.720
3.755,3.625
6.689,6.671
6.535,6.520
4.551,4.521
5.614,5.614
6.445,6.441
5.867,5.843
4.332,4.282
5.605,5.526
3.136,3.136
6.794,6.738
3.650,3.574
6.494,6.459
2.075,1.997
5.902,5.833
8.799,8.782
4.949,4.945
3.725,3.619
8.887,8.855
7.894,7.880
9.607,9.607
5.306,5.291
5.467,5.423
7.452,7.427
9.188,9.186
2.834,2.685
6.851,6.839
7.523,7.490
5.495,5.406
7.245,7.195
7.703,7.685
4.757,4.685
5.080,4.887
8.534,8.502
7.713,7.631
2.148,1.924
2.050,1.593
5.990,5.945
9.201,9.168
2.101,1.900
6.697,6.681
9.251,9.204
6.127,6.055
9.215,9.184
9.342,9.333
2.061,1.945
4.585,4.536
5.363,5.304
4.569,4.468
5.079,5.034
5.480,5.480
3.565,3.565
5.642,5.642
6.917,6.917
6.540,6.540
3.339,3.312
2.688,2.688
3.204,3.201
3.889,3.880
3.341,3.307
2.091,2.091
3.986,3.986
2.660,2.660
3.640,3.579
4.425,4.407
3.586,3.586
2.014,2.014
3.703,3.703
3.616,3.616
3.603,3.603
3.736,3.736
4.283,4.283
4.356,4.356
3.212,3.212
3.733,3.733
14.899,14.893
8.173,8.173
3.222,3.119
7.939,7.937
16.795,16.784
16.099,16.098
17.236,17.236
8.455,8.440
2.565,2.443
8.648,8.620
2.035,1.929
2.090,2.090
6.382,6.332
6.489,6.489
2.092,1.985
6.740,6.740
6.894,6.830
6.813,6.742
6.773,6.773
3.381,3.213
2.459,2.459
2.747,2.747
4.332,4.332
4.050,4.050
2.765,2.765
4.750,4.750
4.404,4.404
4.378,4.378
4.117,4.117
3.130,3.130
2.238,2.222
14.517,14.512
14.643,14.643
14.237,14.237
14.550,14.550
14.785,14.785
14.372,14.372
3.439,3.439
3.531,3.508
2.185,2.185
2.114,0.023
5.289,5.146
5.220,5.154
4.978,4.774
5.209,5.144
5.291,5.152
4.857,4.772
2.115,0.042
3.894,3.622
3.613,3.613
4.779,4.779
5.865,5.865
5.014,5.014
4.855,4.855
6.175,6.175
5.400,5.400
4.805,4.805
3.154,3.154
4.719,4.719
3.918,3.918
3.121,3.121
4.341,4.341
4.981,4.981
16.438,16.438
2.453,2.453
3.406,3.406
17.111,17.111
2.707,2.707
18.302,18.302
18.666,18.666
1.628,0.333
5.845,5.634
5.233,5.208
6.690,6.466
5.645,5.552
5.396,5.124
6.436,6.389
2.078,1.315
2.681,2.646
2.628,2.084
4.476,4.476
4.221,4.221
2.211,2.211
9.116,9.116
2.180,2.180
3.732,3.732
10.812,10.812
4.023,4.023
9.988,9.988
9.665,9.665
2.072,2.072
2.734,2.734
13.541,13.541
9.477,9.477
2.595,2.595
14.254,14.254
9.893,9.893
14.128,14.128
10.109,10.109
9.045,9.045
2.274,2.274
2.223,2.223
2.938,2.938
13.489,13.489
2.696,2.696
2.519,2.519
14.400,14.400
1.649,1.649
13.676,13.676
14.117,14.117
12.479,12.467
12.306,12.306
6.612,6.612
12.480,12.480
7.109,7.109
12.474,12.474
1.742,1.718
12.550,12.545
8.158,8.158
12.303,12.297
21.025,21.025
14.169,14.169
10.497,10.497
14.112,14.112
12.408,12.408
17.595,17.595
12.542,12.542
9.766,9.766
1.732,1.732
9.652,9.652
2.226,2.226
2.558,2.558
4.763,4.763
14.769,14.769
2.215,2.215
4.414,4.414
14.833,14.833
4.635,4.635
15.131,15.131
14.658,14.658
9.660,9.660
2.598,2.598
2.602,2.602
11.717,11.717
9.731,9.731
8.946,8.946
4.306,4.306
2.769,2.769
11.960,11.960
11.083,11.083
